2655.000000 -4672.000000 -4487.000000
2645.000000 -4672.000000 -4522.000000
2627.000000 -4585.000000 -4492.000000
2572.000000 -4037.000000 -4497.000000
2537.000000 -3510.000000 -4335.000000
2552.000000 -3422.000000 -4295.000000
2862.000000 -4135.000000 -4440.000000
3387.000000 -6440.000000 -4130.000000
3640.000000 -8060.000000 -2782.000000
3685.000000 -8687.000000 -1015.000000
3567.000000 -8542.000000 937.000000
3557.000000 -7870.000000 2300.000000
3597.000000 -6905.000000 3550.000000
3500.000000 -5675.000000 4360.000000
3632.000000 -4165.000000 5005.000000
3637.000000 -2497.000000 5197.000000
3400.000000 -1530.000000 4995.000000
3185.000000 -662.000000 4667.000000
2817.000000 300.000000 3790.000000
2572.000000 1065.000000 2147.000000
2517.000000 1122.000000 657.000000
2440.000000 1010.000000 122.000000
2475.000000 1200.000000 1442.000000
2440.000000 270.000000 3827.000000
2735.000000 -2202.000000 5152.000000
3027.000000 -4992.000000 4770.000000
3327.000000 -7565.000000 2717.000000
3505.000000 -8505.000000 1055.000000
3655.000000 -8712.000000 72.000000
3812.000000 -8707.000000 -375.000000
4057.000000 -8650.000000 -570.000000
4150.000000 -8592.000000 -947.000000
4367.000000 -8427.000000 -1557.000000
4577.000000 -8112.000000 -2225.000000
4655.000000 -7410.000000 -3227.000000
4322.000000 -6262.000000 -4127.000000
4205.000000 -3902.000000 -4320.000000
4137.000000 -2797.000000 -4077.000000
3807.000000 -1535.000000 -3472.000000
3602.000000 322.000000 -1685.000000
3475.000000 1087.000000 -62.000000
3440.000000 1257.000000 1240.000000
3145.000000 1220.000000 1730.000000
2847.000000 1200.000000 1962.000000
2877.000000 905.000000 -515.000000
3322.000000 -967.000000 -3070.000000
3602.000000 -3355.000000 -4350.000000
3577.000000 -5317.000000 -4467.000000
3450.000000 -7137.000000 -3847.000000
3155.000000 -6512.000000 -4175.000000
2995.000000 -6582.000000 -4220.000000
3852.000000 -7787.000000 -3302.000000
6225.000000 -5110.000000 -3620.000000
4940.000000 -2150.000000 -3972.000000
2185.000000 -6122.000000 -4800.000000
1832.000000 -6247.000000 -4642.000000
1920.000000 -5975.000000 -4775.000000
2012.000000 -5927.000000 -4757.000000
1480.000000 -6000.000000 -4602.000000
1705.000000 -5845.000000 -4707.000000
3022.000000 -6262.000000 -4677.000000
3272.000000 -6615.000000 -4405.000000
2832.000000 -6552.000000 -4330.000000
2975.000000 -7565.000000 -3710.000000
2852.000000 -8645.000000 -2132.000000
2262.000000 -8372.000000 1502.000000
2170.000000 -7220.000000 3187.000000
2410.000000 -5597.000000 4492.000000
2675.000000 -3505.000000 5132.000000
2847.000000 -1622.000000 5020.000000
2650.000000 -502.000000 4477.000000
2582.000000 -167.000000 4240.000000
2675.000000 -1292.000000 4900.000000
2735.000000 -4030.000000 5082.000000
2910.000000 -7152.000000 3247.000000
3010.000000 -8820.000000 -192.000000
2905.000000 -8237.000000 -2880.000000
2660.000000 -6577.000000 -4275.000000
2685.000000 -4030.000000 -4577.000000
2480.000000 -2005.000000 -3827.000000
2505.000000 -570.000000 -2677.000000
2190.000000 775.000000 -465.000000
1920.000000 967.000000 1605.000000
1832.000000 435.000000 3352.000000
1900.000000 -232.000000 4122.000000
2097.000000 -197.000000 4112.000000
2650.000000 1165.000000 1090.000000
3460.000000 -865.000000 -3080.000000
3607.000000 -4645.000000 -4612.000000
3547.000000 -7410.000000 -3705.000000
3145.000000 -8882.000000 -757.000000
2862.000000 -7792.000000 2597.000000
2760.000000 -5520.000000 4562.000000
2720.000000 -2575.000000 5197.000000
2700.000000 -2250.000000 5102.000000
3000.000000 -3937.000000 5112.000000
3240.000000 -6557.000000 3800.000000
3372.000000 -8790.000000 92.000000
3572.000000 -8742.000000 -1552.000000
3730.000000 -7327.000000 -3837.000000
4357.000000 -3897.000000 -4440.000000
4245.000000 -700.000000 -2767.000000
3587.000000 1020.000000 262.000000
2640.000000 905.000000 2812.000000
2337.000000 52.000000 4007.000000
2337.000000 -962.000000 4752.000000
2792.000000 -130.000000 4185.000000
3607.000000 1162.000000 1322.000000
3940.000000 -512.000000 -2672.000000
4112.000000 -4557.000000 -4582.000000
4010.000000 -6737.000000 -4250.000000
3765.000000 -8282.000000 -2842.000000
3685.000000 -8892.000000 -495.000000
3745.000000 -7827.000000 2577.000000
3807.000000 -5122.000000 4717.000000
3547.000000 -3050.000000 5247.000000
3440.000000 -1830.000000 5097.000000
3547.000000 -2362.000000 5162.000000
3895.000000 -4502.000000 4890.000000
4277.000000 -6800.000000 3477.000000
4327.000000 -8067.000000 1845.000000
4165.000000 -8795.000000 -505.000000
4287.000000 -6857.000000 -4112.000000
4332.000000 -4832.000000 -4537.000000
4230.000000 -2957.000000 -4205.000000
4097.000000 -255.000000 -2365.000000
3895.000000 1190.000000 1220.000000
3900.000000 217.000000 3837.000000
3847.000000 -1462.000000 4950.000000
3857.000000 -2010.000000 5147.000000
3935.000000 -745.000000 4602.000000
4097.000000 1045.000000 2037.000000
4597.000000 415.000000 -1135.000000
5107.000000 -2875.000000 -3892.000000
5127.000000 -5322.000000 -4260.000000
4122.000000 -7260.000000 -3862.000000
3277.000000 -8805.000000 -1800.000000
2822.000000 -8365.000000 1685.000000
2910.000000 -6905.000000 3725.000000
2970.000000 -4807.000000 4930.000000
3302.000000 -5260.000000 4752.000000
3680.000000 -8610.000000 1110.000000
3980.000000 -8320.000000 -2827.000000
4567.000000 -4537.000000 -4477.000000
4250.000000 155.000000 -1810.000000
4327.000000 832.000000 2607.000000
4705.000000 -332.000000 4082.000000
4655.000000 -827.000000 4472.000000
4920.000000 580.000000 2772.000000
5165.000000 -202.000000 -1815.000000
5097.000000 -3055.000000 -4042.000000
4622.000000 -6030.000000 -4325.000000
3890.000000 -8030.000000 -3232.000000
3062.000000 -8985.000000 -937.000000
3052.000000 -8205.000000 2177.000000
3405.000000 -6862.000000 3715.000000
3650.000000 -7365.000000 3105.000000
3612.000000 -8882.000000 -1542.000000
3552.000000 -6280.000000 -4400.000000
3862.000000 -3022.000000 -4355.000000
4097.000000 -162.000000 -2177.000000
3950.000000 1162.000000 1040.000000
3812.000000 312.000000 3800.000000
3792.000000 -775.000000 4647.000000
3787.000000 -880.000000 4770.000000
3637.000000 57.000000 4150.000000
3842.000000 1097.000000 560.000000
4377.000000 -1330.000000 -3272.000000
4000.000000 -5272.000000 -4567.000000
2910.000000 -8510.000000 -2520.000000
2230.000000 -8857.000000 -1010.000000
2257.000000 -8547.000000 1150.000000
2715.000000 -7327.000000 3182.000000
3012.000000 -7235.000000 3322.000000
3390.000000 -8775.000000 132.000000
3262.000000 -8397.000000 -2667.000000
2895.000000 -5782.000000 -4467.000000
2455.000000 -1722.000000 -3550.000000
2160.000000 735.000000 -445.000000
2005.000000 1035.000000 1507.000000
2445.000000 532.000000 3492.000000
2822.000000 -445.000000 4572.000000
2862.000000 687.000000 3227.000000
3077.000000 962.000000 -282.000000
3332.000000 -967.000000 -3125.000000
3352.000000 -3645.000000 -4415.000000
3137.000000 -5737.000000 -4502.000000
3122.000000 -7590.000000 -3580.000000
3190.000000 -8665.000000 -1885.000000
3210.000000 -8737.000000 252.000000
3450.000000 -8055.000000 2107.000000
3500.000000 -8082.000000 2062.000000
3400.000000 -8770.000000 -52.000000
2985.000000 -7875.000000 -3247.000000
2705.000000 -5065.000000 -4492.000000
2302.000000 -2032.000000 -3670.000000
1910.000000 -7.000000 -1715.000000
1935.000000 605.000000 -555.000000
1767.000000 745.000000 42.000000
1895.000000 920.000000 827.000000
2190.000000 1025.000000 1287.000000
2632.000000 792.000000 -400.000000
3107.000000 -1112.000000 -3197.000000
3675.000000 -4125.000000 -4435.000000
3787.000000 -5710.000000 -4350.000000
3137.000000 -7530.000000 -3500.000000
3225.000000 -8392.000000 -2380.000000
3632.000000 -8722.000000 -1145.000000
3905.000000 -8635.000000 -515.000000
3730.000000 -8572.000000 -1830.000000
2720.000000 -7280.000000 -3760.000000
2772.000000 -4087.000000 -4445.000000
3730.000000 -2822.000000 -4017.000000
3960.000000 -2547.000000 -3827.000000
3562.000000 -997.000000 -2890.000000
3505.000000 925.000000 207.000000
3670.000000 925.000000 2525.000000
4920.000000 -580.000000 3972.000000
4945.000000 -1152.000000 4305.000000
4265.000000 172.000000 3495.000000
3512.000000 1162.000000 1085.000000
3262.000000 182.000000 -1830.000000
2817.000000 -2715.000000 -4130.000000
2277.000000 -5220.000000 -4415.000000
1415.000000 -6877.000000 -3555.000000
405.000000 -7667.000000 -1740.000000
272.000000 -7730.000000 -1265.000000
965.000000 -6140.000000 -3625.000000
2017.000000 -3030.000000 -4072.000000
2617.000000 -12.000000 -1907.000000
3282.000000 1117.000000 697.000000
4102.000000 647.000000 3045.000000
4882.000000 -487.000000 3967.000000
4980.000000 -1132.000000 4380.000000
4822.000000 -1152.000000 4390.000000
4695.000000 12.000000 3620.000000
4587.000000 855.000000 1317.000000
4510.000000 232.000000 -1220.000000
4515.000000 -1390.000000 -3135.000000
4377.000000 -3752.000000 -4205.000000
4420.000000 -5737.000000 -4117.000000
4440.000000 -6775.000000 -3665.000000
4367.000000 -7440.000000 -3202.000000
4255.000000 -7782.000000 -2900.000000
4382.000000 -7292.000000 -3427.000000
4547.000000 -5602.000000 -4135.000000
5112.000000 -3482.000000 -3832.000000
5205.000000 -1247.000000 -2607.000000
4562.000000 -52.000000 -1835.000000
4905.000000 300.000000 -247.000000
5410.000000 -182.000000 1367.000000
5435.000000 -600.000000 1932.000000
5332.000000 -647.000000 2217.000000
5037.000000 -1097.000000 2920.000000
4965.000000 -3385.000000 3332.000000
4700.000000 -5570.000000 2797.000000
4817.000000 -5752.000000 2582.000000
5180.000000 -3550.000000 3187.000000
5410.000000 -1080.000000 2425.000000
5190.000000 72.000000 877.000000
5107.000000 77.000000 -630.000000
4837.000000 -310.000000 -1967.000000
4337.000000 -1717.000000 -3665.000000
3797.000000 -3482.000000 -4522.000000
3685.000000 -5670.000000 -4552.000000
3485.000000 -7750.000000 -3352.000000
3480.000000 -8447.000000 -1825.000000
3670.000000 -8325.000000 -1997.000000
3895.000000 -6665.000000 -4140.000000
4415.000000 -3955.000000 -4452.000000
4782.000000 -2807.000000 -3927.000000
5072.000000 -1065.000000 -2587.000000
5122.000000 120.000000 -490.000000
5220.000000 47.000000 807.000000
5367.000000 -522.000000 1957.000000
5587.000000 -2105.000000 2870.000000
5455.000000 -2047.000000 2950.000000
5395.000000 -2657.000000 3120.000000
5352.000000 -3022.000000 3120.000000
5425.000000 -3665.000000 2990.000000
5415.000000 -4280.000000 2857.000000
5405.000000 -5400.000000 2365.000000
5347.000000 -6542.000000 1317.000000
4955.000000 -7750.000000 -677.000000
4515.000000 -7022.000000 -3422.000000
4392.000000 -6170.000000 -4077.000000
4435.000000 -6450.000000 -3992.000000
4455.000000 -7905.000000 -2187.000000
4322.000000 -7675.000000 747.000000
3965.000000 -4877.000000 3575.000000
3935.000000 -2197.000000 4032.000000
3995.000000 -12.000000 2910.000000
4022.000000 837.000000 1577.000000
4140.000000 890.000000 -197.000000
4127.000000 372.000000 -1675.000000
3995.000000 -235.000000 -2627.000000
3750.000000 -755.000000 -3252.000000
4047.000000 -105.000000 -2375.000000
4607.000000 715.000000 415.000000
4735.000000 67.000000 2212.000000
4827.000000 -740.000000 2865.000000
4852.000000 -1612.000000 3282.000000
4660.000000 -3190.000000 3615.000000
4367.000000 -5570.000000 2925.000000
4160.000000 -7275.000000 1532.000000
4062.000000 -8200.000000 -385.000000
3690.000000 -7777.000000 -3217.000000
3245.000000 -5737.000000 -4752.000000
3027.000000 -3410.000000 -4780.000000
2980.000000 -890.000000 -3555.000000
3400.000000 275.000000 -2192.000000
3552.000000 217.000000 -2217.000000
3180.000000 -2037.000000 -4270.000000
3512.000000 -6755.000000 -4205.000000
3577.000000 -8432.000000 -752.000000
3612.000000 -6910.000000 2360.000000
3832.000000 -2357.000000 4047.000000
3920.000000 -347.000000 3317.000000
3910.000000 720.000000 2047.000000
3665.000000 1157.000000 712.000000
3632.000000 1165.000000 177.000000
3760.000000 1112.000000 867.000000
4277.000000 -372.000000 3175.000000
4302.000000 -4000.000000 3765.000000
4057.000000 -6760.000000 2265.000000
3960.000000 -8227.000000 32.000000
3980.000000 -8072.000000 -2552.000000
3822.000000 -6077.000000 -4405.000000
3542.000000 -3567.000000 -4762.000000
3230.000000 -1185.000000 -3862.000000
3112.000000 382.000000 -2295.000000
2970.000000 555.000000 -2057.000000
2940.000000 -1472.000000 -3947.000000
3210.000000 -6122.000000 -4572.000000
3582.000000 -8350.000000 -2350.000000
3950.000000 -8127.000000 232.000000
4327.000000 -5917.000000 2870.000000
4670.000000 -3665.000000 3595.000000
4740.000000 -1907.000000 3487.000000
4655.000000 -255.000000 2637.000000
4267.000000 865.000000 672.000000
4297.000000 890.000000 637.000000
4435.000000 377.000000 2152.000000
4537.000000 -1790.000000 3610.000000
4235.000000 -5022.000000 3437.000000
3660.000000 -7430.000000 1765.000000
3455.000000 -8377.000000 162.000000
3077.000000 -8650.000000 -1735.000000
2445.000000 -7535.000000 -3942.000000
2312.000000 -7075.000000 -4360.000000
1777.000000 -4945.000000 -4965.000000
1470.000000 -2635.000000 -4562.000000
2057.000000 -4330.000000 -4965.000000
3255.000000 -8170.000000 -3025.000000
3317.000000 -8682.000000 -1392.000000
3685.000000 -8305.000000 340.000000
4312.000000 -6765.000000 2375.000000
4440.000000 -5627.000000 3080.000000
4265.000000 -3665.000000 3892.000000
4547.000000 -2740.000000 3795.000000
4985.000000 -942.000000 3015.000000
5067.000000 395.000000 822.000000
5155.000000 -37.000000 -1327.000000
4210.000000 -842.000000 -3277.000000
4282.000000 -715.000000 -3120.000000
4287.000000 700.000000 -942.000000
4220.000000 687.000000 1907.000000
3205.000000 -967.000000 3972.000000
2777.000000 -3472.000000 4365.000000
2592.000000 -5902.000000 3437.000000
2465.000000 -7757.000000 1660.000000
1872.000000 -8675.000000 -317.000000
1117.000000 -8267.000000 -2752.000000
1012.000000 -6047.000000 -4672.000000
1572.000000 -3985.000000 -5010.000000
3017.000000 -3287.000000 -4845.000000
3612.000000 -2630.000000 -4577.000000
3627.000000 -2155.000000 -4385.000000
3877.000000 -1515.000000 -3987.000000
4312.000000 -2735.000000 -4300.000000
4965.000000 -5502.000000 -4140.000000
5057.000000 -6837.000000 -3197.000000
5057.000000 -7705.000000 -1307.000000
4905.000000 -7477.000000 330.000000
4577.000000 -5152.000000 3105.000000
4327.000000 -3727.000000 3765.000000
4935.000000 -2067.000000 3412.000000
4597.000000 -405.000000 2875.000000
5127.000000 -37.000000 1880.000000
5027.000000 327.000000 -682.000000
4730.000000 -275.000000 -2390.000000
4155.000000 -1540.000000 -3847.000000
3705.000000 -3515.000000 -4810.000000
4260.000000 -3942.000000 -4627.000000
4985.000000 -1075.000000 -2940.000000
5210.000000 80.000000 -1140.000000
5032.000000 390.000000 1312.000000
4730.000000 -812.000000 3232.000000
4455.000000 -2497.000000 3882.000000
4567.000000 -4102.000000 3635.000000
5117.000000 -6200.000000 2137.000000
5882.000000 -6970.000000 -247.000000
6117.000000 -6522.000000 -1467.000000
6405.000000 -5772.000000 -2037.000000
6485.000000 -4465.000000 -2535.000000
6515.000000 -3200.000000 -2415.000000
6410.000000 -3022.000000 -2410.000000
6400.000000 -4367.000000 -2860.000000
5935.000000 -6805.000000 -1865.000000
5352.000000 -7452.000000 152.000000
5190.000000 -5502.000000 2767.000000
5020.000000 -2237.000000 3482.000000
5027.000000 -885.000000 3050.000000
4970.000000 517.000000 1407.000000
4995.000000 310.000000 -1155.000000
4812.000000 -435.000000 -2515.000000
4395.000000 -2880.000000 -4462.000000
4430.000000 -4620.000000 -4602.000000
4505.000000 -3380.000000 -4445.000000
4750.000000 -145.000000 -2207.000000
4205.000000 837.000000 1825.000000
4155.000000 -600.000000 3452.000000
5220.000000 -3525.000000 3327.000000
5920.000000 -6112.000000 1347.000000
6142.000000 -6712.000000 -1115.000000
6062.000000 -5752.000000 -2797.000000
5892.000000 -4977.000000 -3357.000000
5750.000000 -4455.000000 -3600.000000
5527.000000 -4822.000000 -3827.000000
5122.000000 -4812.000000 -4155.000000
4730.000000 -3457.000000 -4320.000000
4867.000000 -5560.000000 -4205.000000
4822.000000 -8055.000000 -807.000000
4552.000000 -6955.000000 2087.000000
4302.000000 -4052.000000 3867.000000
4067.000000 -275.000000 3337.000000
4107.000000 682.000000 2250.000000
3882.000000 1170.000000 395.000000
3877.000000 620.000000 -1730.000000
4062.000000 -957.000000 -3580.000000
4265.000000 -3060.000000 -4472.000000
4322.000000 -2967.000000 -4420.000000
4532.000000 -95.000000 -2217.000000
4665.000000 755.000000 525.000000
5077.000000 -1360.000000 3217.000000
5235.000000 -3520.000000 3352.000000
5122.000000 -5607.000000 2552.000000
5022.000000 -7647.000000 192.000000
5072.000000 -7512.000000 -2112.000000
5092.000000 -5947.000000 -3867.000000
4660.000000 -4522.000000 -4375.000000
4495.000000 -3825.000000 -4445.000000
4505.000000 -2945.000000 -4230.000000
4680.000000 -2460.000000 -3942.000000
4867.000000 -2405.000000 -3795.000000
5270.000000 -4652.000000 -3947.000000
5770.000000 -6650.000000 -2380.000000
5690.000000 -6755.000000 742.000000
5037.000000 -5260.000000 2895.000000
4005.000000 -3002.000000 4102.000000
3347.000000 -1190.000000 4022.000000
3087.000000 -37.000000 3412.000000
3302.000000 885.000000 2245.000000
3102.000000 1325.000000 917.000000
3005.000000 1257.000000 -330.000000
2975.000000 937.000000 -1317.000000
2910.000000 -305.000000 -3177.000000
3637.000000 -3452.000000 -4652.000000
4287.000000 -5260.000000 -4507.000000
4490.000000 -6025.000000 -4225.000000
4312.000000 -5952.000000 -4305.000000
3945.000000 -5187.000000 -4647.000000
3715.000000 -3670.000000 -4657.000000
3395.000000 -750.000000 -3402.000000
3347.000000 832.000000 -1427.000000
3695.000000 1162.000000 1005.000000
3700.000000 -227.000000 3367.000000
3415.000000 -3422.000000 4215.000000
3832.000000 -6567.000000 2520.000000
4527.000000 -7380.000000 1195.000000
4655.000000 -7565.000000 717.000000
4690.000000 -6427.000000 2280.000000
4772.000000 -3567.000000 3630.000000
4552.000000 -1087.000000 3412.000000
4082.000000 730.000000 2007.000000
3547.000000 910.000000 -995.000000
3632.000000 -1030.000000 -3492.000000
4000.000000 -3100.000000 -4457.000000
4057.000000 -4915.000000 -4567.000000
4175.000000 -6135.000000 -4245.000000
4165.000000 -6567.000000 -4072.000000
4332.000000 -4867.000000 -4435.000000
4127.000000 -1805.000000 -3800.000000
3572.000000 982.000000 -565.000000
3455.000000 1065.000000 1655.000000
3510.000000 372.000000 2782.000000
3220.000000 -1247.000000 3957.000000
3022.000000 -3410.000000 4205.000000
3420.000000 -5685.000000 3837.000000
3995.000000 -6582.000000 2940.000000
4210.000000 -7380.000000 2017.000000
4405.000000 -8092.000000 335.000000
4420.000000 -8242.000000 -1270.000000
4435.000000 -8242.000000 -1590.000000
4587.000000 -8170.000000 -287.000000
4260.000000 -7322.000000 2117.000000
4522.000000 -5642.000000 3402.000000
4695.000000 -4470.000000 3832.000000
4490.000000 -2445.000000 4130.000000
3700.000000 -1020.000000 4127.000000
2872.000000 -705.000000 4140.000000
2650.000000 -687.000000 4175.000000
2975.000000 -1545.000000 4467.000000
2847.000000 -2880.000000 4627.000000
3760.000000 -5132.000000 3922.000000
4582.000000 -6800.000000 2410.000000
4557.000000 -7922.000000 525.000000
4010.000000 -8402.000000 -1387.000000
3945.000000 -7880.000000 -2822.000000
3650.000000 -5937.000000 -4415.000000
3627.000000 -3177.000000 -4360.000000
3670.000000 -1242.000000 -3342.000000
3710.000000 -235.000000 -2490.000000
3587.000000 -545.000000 -2875.000000
3057.000000 -2465.000000 -4205.000000
3127.000000 -5680.000000 -4522.000000
3460.000000 -7782.000000 -3080.000000
3782.000000 -8165.000000 712.000000
4047.000000 -6542.000000 3035.000000
4337.000000 -4765.000000 4007.000000
4895.000000 -2475.000000 3947.000000
5142.000000 -1535.000000 3487.000000
5145.000000 -2790.000000 3832.000000
5357.000000 -4852.000000 3357.000000
5650.000000 -7210.000000 757.000000
5647.000000 -7055.000000 -2192.000000
5250.000000 -4950.000000 -3700.000000
5170.000000 -3240.000000 -3530.000000
5132.000000 -2077.000000 -3030.000000
5062.000000 -775.000000 -1912.000000
5307.000000 -487.000000 -1145.000000
5562.000000 -682.000000 -1135.000000
5415.000000 -1205.000000 -2067.000000
5465.000000 -3550.000000 -3545.000000
5327.000000 -6842.000000 -2837.000000
5077.000000 -7967.000000 -510.000000
5142.000000 -6362.000000 2562.000000
5155.000000 -3777.000000 3770.000000
4955.000000 -1215.000000 3442.000000
4542.000000 322.000000 2022.000000
4695.000000 322.000000 1725.000000
4837.000000 -720.000000 3217.000000
4617.000000 -4387.000000 3917.000000
4842.000000 -7425.000000 1572.000000
5067.000000 -8005.000000 -777.000000
5220.000000 -7115.000000 -2802.000000
5185.000000 -5370.000000 -3765.000000
5005.000000 -2885.000000 -3625.000000
5270.000000 -1912.000000 -2950.000000
5465.000000 -2987.000000 -3377.000000
5225.000000 -5772.000000 -3635.000000
4910.000000 -7657.000000 -2365.000000
4832.000000 -8010.000000 345.000000
4862.000000 -6557.000000 2622.000000
4950.000000 -4440.000000 3775.000000
5117.000000 -2837.000000 3847.000000
5440.000000 -1907.000000 3457.000000
5587.000000 -2005.000000 3312.000000
5632.000000 -4110.000000 3317.000000
5597.000000 -6610.000000 1907.000000
5510.000000 -7690.000000 -697.000000
5410.000000 -6672.000000 -3035.000000
5260.000000 -4430.000000 -3877.000000
5000.000000 -2720.000000 -3560.000000
4970.000000 -1945.000000 -3145.000000
5052.000000 -1592.000000 -2905.000000
5087.000000 -837.000000 -2142.000000
5312.000000 -855.000000 -1962.000000
5342.000000 -2745.000000 -3427.000000
5435.000000 -6212.000000 -3252.000000
5582.000000 -7627.000000 -817.000000
5777.000000 -6455.000000 1805.000000
5940.000000 -3965.000000 3140.000000
5905.000000 -1375.000000 2742.000000
5817.000000 -620.000000 2012.000000
5812.000000 -637.000000 1932.000000
6142.000000 -2037.000000 2767.000000
6215.000000 -4677.000000 2677.000000
6122.000000 -6900.000000 505.000000
6142.000000 -6910.000000 -1567.000000
5897.000000 -5622.000000 -3160.000000
5582.000000 -2857.000000 -3307.000000
5480.000000 -750.000000 -1610.000000
5792.000000 -347.000000 -385.000000
5950.000000 -455.000000 -172.000000
5827.000000 -875.000000 -1487.000000
5807.000000 -4030.000000 -3495.000000
5955.000000 -6905.000000 -2187.000000
5872.000000 -7370.000000 -515.000000
6215.000000 -6247.000000 1467.000000
6607.000000 -4445.000000 2245.000000
6902.000000 -2735.000000 1962.000000
6842.000000 -2425.000000 1865.000000
6670.000000 -2702.000000 2325.000000
6397.000000 -3980.000000 2722.000000
6265.000000 -5715.000000 2012.000000
6057.000000 -7012.000000 697.000000
5797.000000 -7312.000000 -1907.000000
5685.000000 -5947.000000 -3472.000000
5450.000000 -3602.000000 -3817.000000
5395.000000 -1007.000000 -2405.000000
5420.000000 207.000000 692.000000
5277.000000 -362.000000 2712.000000
5322.000000 -662.000000 2990.000000
5347.000000 -352.000000 2617.000000
5342.000000 280.000000 1572.000000
5180.000000 197.000000 -697.000000
5612.000000 -2320.000000 -3212.000000
6527.000000 -4335.000000 -2870.000000
6832.000000 -5007.000000 -2197.000000
6882.000000 -4775.000000 -2102.000000
6935.000000 -4817.000000 -1745.000000
6920.000000 -5530.000000 -917.000000
6802.000000 -6047.000000 -127.000000
6607.000000 -6112.000000 742.000000
6205.000000 -6285.000000 1492.000000
6102.000000 -6067.000000 1880.000000
5872.000000 -5432.000000 2647.000000
5387.000000 -3257.000000 3867.000000
5420.000000 -2285.000000 3720.000000
6067.000000 -4765.000000 2837.000000
6170.000000 -6930.000000 475.000000
6062.000000 -7007.000000 -1972.000000
6072.000000 -5070.000000 -3462.000000
6067.000000 -1777.000000 -2485.000000
6132.000000 -372.000000 335.000000
5715.000000 -497.000000 2450.000000
4792.000000 -1175.000000 3837.000000
5265.000000 -1370.000000 3610.000000
6205.000000 -1855.000000 2762.000000
6862.000000 -1737.000000 1175.000000
7032.000000 -2425.000000 -1120.000000
6572.000000 -3390.000000 -2647.000000
6117.000000 -5235.000000 -3382.000000
5665.000000 -7157.000000 -2672.000000
5415.000000 -7905.000000 -415.000000
5612.000000 -7260.000000 1175.000000
5627.000000 -7230.000000 1085.000000
5685.000000 -7595.000000 -1512.000000
5770.000000 -5410.000000 -3535.000000
6082.000000 -2677.000000 -3050.000000
5990.000000 -472.000000 -747.000000
5910.000000 -162.000000 980.000000
6092.000000 -782.000000 1987.000000
6357.000000 -2945.000000 2812.000000
6405.000000 -4387.000000 2547.000000
6332.000000 -4822.000000 2480.000000
6287.000000 -4265.000000 2752.000000
6445.000000 -2067.000000 2485.000000
6607.000000 -1085.000000 580.000000
6410.000000 -2420.000000 -2315.000000
6137.000000 -5230.000000 -3202.000000
6150.000000 -6745.000000 -2270.000000
5950.000000 -7375.000000 -712.000000
5465.000000 -7622.000000 335.000000
5185.000000 -7767.000000 530.000000
5185.000000 -7937.000000 -152.000000
5450.000000 -7235.000000 -2657.000000
5647.000000 -4425.000000 -3780.000000
5680.000000 -1185.000000 -2167.000000
5817.000000 -250.000000 -47.000000
6107.000000 -847.000000 1725.000000
6112.000000 -2227.000000 2852.000000
6142.000000 -4037.000000 2900.000000
5925.000000 -6062.000000 2042.000000
5582.000000 -7352.000000 560.000000
5145.000000 -7865.000000 -1327.000000
4832.000000 -7845.000000 -2300.000000
5160.000000 -7840.000000 -1412.000000
5905.000000 -6667.000000 1272.000000
6367.000000 -4785.000000 2350.000000
6532.000000 -2600.000000 2305.000000
6357.000000 -942.000000 1130.000000
5772.000000 -400.000000 -475.000000
5660.000000 -1030.000000 -1790.000000
6022.000000 -2480.000000 -2712.000000
6297.000000 -4280.000000 -2857.000000
6435.000000 -4842.000000 -2677.000000
6562.000000 -3995.000000 -2535.000000
6582.000000 -2557.000000 -1780.000000
6537.000000 -1432.000000 -287.000000
6092.000000 -1142.000000 1875.000000
5415.000000 -2057.000000 3427.000000
4960.000000 -3487.000000 3857.000000
4745.000000 -4600.000000 3755.000000
4342.000000 -5467.000000 3570.000000
4347.000000 -6290.000000 2940.000000
4255.000000 -7477.000000 1775.000000
3577.000000 -7947.000000 32.000000
3617.000000 -7895.000000 -1372.000000
3622.000000 -7662.000000 -2490.000000
3410.000000 -6970.000000 -3555.000000
3347.000000 -5797.000000 -4255.000000
3195.000000 -5995.000000 -4245.000000
3465.000000 -7225.000000 -3222.000000
3367.000000 -8010.000000 -1417.000000
3160.000000 -7662.000000 652.000000
3367.000000 -6010.000000 2385.000000
3872.000000 -3865.000000 3105.000000
4517.000000 -2527.000000 2857.000000
5082.000000 -1572.000000 2002.000000
5312.000000 -1087.000000 1342.000000
5440.000000 -915.000000 767.000000
5367.000000 -720.000000 595.000000
5342.000000 -802.000000 827.000000
5522.000000 -1887.000000 1432.000000
5725.000000 -3820.000000 1260.000000
5547.000000 -5395.000000 530.000000
5500.000000 -5912.000000 -390.000000
5665.000000 -5555.000000 -1512.000000
5675.000000 -4727.000000 -2310.000000
5655.000000 -4207.000000 -2567.000000
5705.000000 -3312.000000 -2535.000000
5777.000000 -3122.000000 -2425.000000
5572.000000 -4125.000000 -2607.000000
5567.000000 -5172.000000 -2280.000000
5650.000000 -5530.000000 -1462.000000
5925.000000 -4972.000000 -277.000000
6062.000000 -4170.000000 137.000000
6102.000000 -2992.000000 252.000000
5950.000000 -1990.000000 -152.000000
5700.000000 -1442.000000 -752.000000
5725.000000 -1782.000000 -1215.000000
5827.000000 -2337.000000 -1412.000000
5950.000000 -2580.000000 -1397.000000
6000.000000 -2725.000000 -1060.000000
6165.000000 -3272.000000 -812.000000
6147.000000 -4102.000000 -965.000000
5990.000000 -4795.000000 -1730.000000
5495.000000 -5137.000000 -2682.000000
4755.000000 -4950.000000 -3695.000000
3390.000000 -5182.000000 -4612.000000
1567.000000 -6165.000000 -4682.000000
357.000000 -7192.000000 -3877.000000
-512.000000 -7675.000000 -2697.000000
-1092.000000 -7617.000000 -1407.000000
-1250.000000 -7235.000000 52.000000
-1027.000000 -6712.000000 1342.000000
-572.000000 -5680.000000 2602.000000
-395.000000 -3665.000000 3515.000000
-650.000000 -1490.000000 3467.000000
-787.000000 -870.000000 3110.000000
-650.000000 -2062.000000 3467.000000
-385.000000 -4097.000000 3412.000000
57.000000 -7287.000000 1457.000000
190.000000 -8330.000000 -657.000000
297.000000 -6687.000000 -4295.000000
420.000000 -4925.000000 -4905.000000
410.000000 -2067.000000 -4522.000000
22.000000 47.000000 -2752.000000
-537.000000 1162.000000 682.000000
-640.000000 992.000000 1265.000000
-670.000000 1035.000000 -355.000000
-537.000000 -1395.000000 -3805.000000
-537.000000 -4280.000000 -4547.000000
-500.000000 -6655.000000 -3862.000000
-635.000000 -7985.000000 -1875.000000
-635.000000 -7830.000000 237.000000
-740.000000 -5880.000000 2617.000000
-1107.000000 -3467.000000 3297.000000
-1190.000000 -2852.000000 3322.000000
-1390.000000 -4387.000000 2915.000000
-1357.000000 -6480.000000 1595.000000
-1160.000000 -7700.000000 -1322.000000
-450.000000 -5632.000000 -4395.000000
200.000000 -3030.000000 -4687.000000
410.000000 -775.000000 -3745.000000
135.000000 967.000000 -1830.000000
-230.000000 1397.000000 335.000000
-527.000000 1185.000000 1095.000000
-562.000000 1220.000000 272.000000
-220.000000 -235.000000 -3070.000000
-415.000000 -2542.000000 -4315.000000
-395.000000 -4847.000000 -4582.000000
-252.000000 -6372.000000 -4160.000000
-180.000000 -7452.000000 -3352.000000
-82.000000 -8227.000000 -2047.000000
160.000000 -8282.000000 -202.000000
425.000000 -7220.000000 1810.000000
557.000000 -4650.000000 3655.000000
82.000000 -4097.000000 3705.000000
-210.000000 -5492.000000 3040.000000
-327.000000 -7700.000000 652.000000
-205.000000 -7715.000000 -2925.000000
12.000000 -4595.000000 -4845.000000
362.000000 -1782.000000 -4385.000000
165.000000 440.000000 -2495.000000
-425.000000 1142.000000 -465.000000
-630.000000 1097.000000 57.000000
-395.000000 1092.000000 -635.000000
-130.000000 -47.000000 -2880.000000
17.000000 -3505.000000 -4652.000000
-32.000000 -6480.000000 -4140.000000
-220.000000 -8127.000000 -1402.000000
-240.000000 -7487.000000 902.000000
-175.000000 -6417.000000 2295.000000
17.000000 -5912.000000 2767.000000
-12.000000 -7070.000000 1645.000000
-435.000000 -7957.000000 -1770.000000
-920.000000 -4877.000000 -4155.000000
-1047.000000 -1635.000000 -3417.000000
-1002.000000 -42.000000 -2037.000000
-752.000000 855.000000 -495.000000
-430.000000 1117.000000 330.000000
-485.000000 932.000000 1377.000000
-135.000000 477.000000 2510.000000
-77.000000 322.000000 2717.000000
332.000000 1170.000000 1855.000000
807.000000 1572.000000 -107.000000
582.000000 -120.000000 -3165.000000
390.000000 -3025.000000 -4537.000000
220.000000 -4717.000000 -4647.000000
-307.000000 -5415.000000 -4355.000000
-955.000000 -5700.000000 -3832.000000
-1405.000000 -5757.000000 -3412.000000
-1022.000000 -5260.000000 -3977.000000
-675.000000 -3650.000000 -4265.000000
-577.000000 -2305.000000 -3967.000000
140.000000 -730.000000 -3417.000000
592.000000 1112.000000 -1297.000000
930.000000 1485.000000 1307.000000
1400.000000 1287.000000 1840.000000
1645.000000 792.000000 2647.000000
1017.000000 -1225.000000 3852.000000
552.000000 -2017.000000 3917.000000
502.000000 -1650.000000 3847.000000
607.000000 -265.000000 3342.000000
122.000000 1045.000000 1557.000000
-710.000000 745.000000 -887.000000
-1175.000000 -700.000000 -2480.000000
-1430.000000 -2527.000000 -3402.000000
-1220.000000 -3632.000000 -3842.000000
-1097.000000 -3805.000000 -4007.000000
-1200.000000 -1467.000000 -3135.000000
-900.000000 802.000000 -92.000000
-200.000000 522.000000 2370.000000
200.000000 -1485.000000 3735.000000
752.000000 -4180.000000 3705.000000
1342.000000 -6630.000000 2360.000000
1852.000000 -8217.000000 47.000000
2107.000000 -8377.000000 -1235.000000
2160.000000 -8412.000000 -1225.000000
2057.000000 -6717.000000 2345.000000
1292.000000 -1412.000000 3887.000000
725.000000 1467.000000 942.000000
347.000000 895.000000 -1730.000000
17.000000 -52.000000 -2895.000000
-135.000000 -1680.000000 -3917.000000
-445.000000 -3912.000000 -4452.000000
-587.000000 -4320.000000 -4380.000000
-347.000000 -2480.000000 -4200.000000
175.000000 992.000000 -1255.000000
415.000000 32.000000 3130.000000
532.000000 -3002.000000 3892.000000
817.000000 -6015.000000 2885.000000
1122.000000 -8160.000000 282.000000
1307.000000 -8300.000000 -2222.000000
960.000000 -7535.000000 -3735.000000
1007.000000 -7827.000000 -3352.000000
1112.000000 -8092.000000 395.000000
1537.000000 -3690.000000 3842.000000
1440.000000 90.000000 3272.000000
1307.000000 1640.000000 1125.000000
1140.000000 1390.000000 -1312.000000
395.000000 -1525.000000 -4150.000000
-450.000000 -3365.000000 -4420.000000
-665.000000 -2852.000000 -4205.000000
307.000000 312.000000 -2717.000000
1332.000000 1380.000000 1870.000000
1500.000000 -1762.000000 4022.000000
1267.000000 -5110.000000 3427.000000
847.000000 -7580.000000 1185.000000
490.000000 -8330.000000 -1175.000000
17.000000 -7947.000000 -2672.000000
502.000000 -8000.000000 -2540.000000
832.000000 -8382.000000 -1250.000000
650.000000 -7570.000000 1427.000000
627.000000 -4092.000000 3997.000000
690.000000 -832.000000 3867.000000
762.000000 777.000000 2632.000000
945.000000 1515.000000 325.000000
842.000000 610.000000 -2027.000000
517.000000 -342.000000 -3005.000000
587.000000 285.000000 -2355.000000
802.000000 1417.000000 302.000000
725.000000 135.000000 3392.000000
592.000000 -3412.000000 4180.000000
802.000000 -6837.000000 2330.000000
930.000000 -8382.000000 -610.000000
502.000000 -7787.000000 -2905.000000
-190.000000 -6272.000000 -3942.000000
-405.000000 -5695.000000 -4022.000000
2.000000 -6897.000000 -3600.000000
245.000000 -7995.000000 -2147.000000
150.000000 -7817.000000 272.000000
92.000000 -5515.000000 3035.000000
435.000000 -1007.000000 3817.000000
930.000000 1360.000000 1600.000000
1027.000000 1297.000000 -955.000000
990.000000 57.000000 -2910.000000
890.000000 -852.000000 -3720.000000
985.000000 -425.000000 -3417.000000
1390.000000 1085.000000 -1645.000000
1767.000000 1622.000000 1402.000000
1352.000000 -1055.000000 4235.000000
1012.000000 -4185.000000 4112.000000
630.000000 -7022.000000 2027.000000
140.000000 -8087.000000 -282.000000
-12.000000 -7617.000000 -2767.000000
-87.000000 -6920.000000 -3367.000000
210.000000 -7375.000000 -3105.000000
272.000000 -8107.000000 -1962.000000
160.000000 -7967.000000 0.000000
312.000000 -4877.000000 3695.000000
862.000000 -895.000000 4092.000000
965.000000 667.000000 2915.000000
1430.000000 1510.000000 1595.000000
1390.000000 1587.000000 595.000000
787.000000 1397.000000 912.000000
572.000000 1257.000000 445.000000
500.000000 1247.000000 410.000000
787.000000 322.000000 -2290.000000
1180.000000 -3117.000000 -4702.000000
1650.000000 -6427.000000 -4527.000000
1940.000000 -7710.000000 -3670.000000
2160.000000 -8045.000000 -3170.000000
1797.000000 -5952.000000 -4752.000000
1547.000000 -430.000000 -3277.000000
1527.000000 1535.000000 672.000000
1455.000000 332.000000 3550.000000
1287.000000 -2517.000000 4557.000000
930.000000 -5752.000000 3477.000000
640.000000 -7410.000000 1725.000000
375.000000 -8145.000000 -52.000000
312.000000 -8165.000000 -1680.000000
77.000000 -7725.000000 -2747.000000
180.000000 -7502.000000 -3130.000000
532.000000 -8112.000000 -2385.000000
635.000000 -8000.000000 792.000000
395.000000 -6357.000000 2822.000000
322.000000 -4202.000000 3972.000000
485.000000 -2062.000000 4295.000000
905.000000 -352.000000 3812.000000
1092.000000 362.000000 3372.000000
1072.000000 822.000000 2827.000000
1287.000000 1485.000000 1517.000000
1500.000000 1472.000000 -182.000000
1842.000000 387.000000 -2505.000000
2185.000000 -1917.000000 -4365.000000
2245.000000 -4645.000000 -4990.000000
1817.000000 -6727.000000 -4380.000000
1292.000000 -7812.000000 -3377.000000
675.000000 -7575.000000 -3292.000000
302.000000 -6207.000000 -4255.000000
602.000000 -4842.000000 -4775.000000
1007.000000 -2042.000000 -4285.000000
1292.000000 1180.000000 -1010.000000
1327.000000 1225.000000 2290.000000
1337.000000 -1025.000000 4380.000000
1505.000000 -5187.000000 4037.000000
1087.000000 -8222.000000 570.000000
537.000000 -7890.000000 -2812.000000
562.000000 -7270.000000 -3535.000000
675.000000 -7440.000000 -3515.000000
685.000000 -8370.000000 -1605.000000
720.000000 -7307.000000 2007.000000
587.000000 -4702.000000 3942.000000
527.000000 -2595.000000 4280.000000
235.000000 130.000000 3065.000000
-62.000000 895.000000 657.000000
-362.000000 -317.000000 -2147.000000
-367.000000 -1800.000000 -3482.000000
67.000000 -3095.000000 -4300.000000
762.000000 -3567.000000 -4702.000000
1150.000000 -2155.000000 -4410.000000
1527.000000 -95.000000 -3090.000000
1602.000000 1345.000000 -642.000000
1782.000000 735.000000 3242.000000
1792.000000 -390.000000 4165.000000
2140.000000 -1490.000000 4542.000000
2635.000000 -2682.000000 4707.000000
2920.000000 -4107.000000 4355.000000
2812.000000 -4935.000000 4122.000000
2812.000000 -6490.000000 3115.000000
2705.000000 -6450.000000 3140.000000
2220.000000 -4465.000000 4320.000000
1455.000000 -1102.000000 4395.000000
1037.000000 1097.000000 2355.000000
857.000000 1220.000000 -147.000000
1210.000000 -150.000000 -2860.000000
1857.000000 -2880.000000 -4637.000000
2405.000000 -5632.000000 -4800.000000
2352.000000 -7202.000000 -4102.000000
1490.000000 -7957.000000 -3085.000000
502.000000 -7710.000000 -2885.000000
-347.000000 -5425.000000 -3912.000000
-807.000000 -1810.000000 -2980.000000
-627.000000 52.000000 -1135.000000
-362.000000 305.000000 2245.000000
380.000000 -1050.000000 4057.000000
1002.000000 -2460.000000 4517.000000
1097.000000 -3472.000000 4502.000000
1317.000000 -2635.000000 4572.000000
630.000000 545.000000 2945.000000
-87.000000 222.000000 -1487.000000
185.000000 -3340.000000 -4155.000000
612.000000 -6510.000000 -4017.000000
940.000000 -8460.000000 -1502.000000
817.000000 -8310.000000 -202.000000
445.000000 -8257.000000 -697.000000
-277.000000 -7352.000000 -2935.000000
-195.000000 -4372.000000 -4230.000000
32.000000 -1480.000000 -3392.000000
-230.000000 527.000000 -832.000000
-125.000000 837.000000 812.000000
27.000000 852.000000 -380.000000
-7.000000 -1830.000000 -3595.000000
107.000000 -4730.000000 -4365.000000
-175.000000 -7147.000000 -3100.000000
-245.000000 -7922.000000 -1060.000000
-507.000000 -7617.000000 182.000000
-787.000000 -7115.000000 837.000000
-1092.000000 -6527.000000 1185.000000
-1405.000000 -5720.000000 1615.000000
-1495.000000 -5932.000000 1205.000000
-1047.000000 -7167.000000 -365.000000
-332.000000 -6887.000000 -3222.000000
-112.000000 -3505.000000 -4155.000000
-582.000000 -740.000000 -2260.000000
-650.000000 477.000000 692.000000
-485.000000 -167.000000 2627.000000
-582.000000 -542.000000 2945.000000
-1002.000000 -1940.000000 3202.000000
-1215.000000 -1240.000000 2552.000000
-1135.000000 -95.000000 702.000000
-802.000000 -1550.000000 -2742.000000
-450.000000 -4387.000000 -3967.000000
-660.000000 -6165.000000 -3327.000000
-1210.000000 -6620.000000 -2167.000000
-1435.000000 -6552.000000 -1015.000000
-1650.000000 -6267.000000 -12.000000
-1577.000000 -6140.000000 360.000000
-1512.000000 -6402.000000 -1322.000000
-1127.000000 -4097.000000 -3327.000000
-930.000000 -1240.000000 -2285.000000
-885.000000 77.000000 -147.000000
-592.000000 -125.000000 2340.000000
-547.000000 -1320.000000 3332.000000
-752.000000 -2822.000000 3437.000000
-915.000000 -4032.000000 3105.000000
-852.000000 -3210.000000 3302.000000
-465.000000 -290.000000 2642.000000
-430.000000 522.000000 212.000000
-650.000000 -1515.000000 -2822.000000
-890.000000 -4222.000000 -3540.000000
-812.000000 -5962.000000 -3165.000000
-757.000000 -7152.000000 -1690.000000
-862.000000 -7095.000000 -197.000000
-985.000000 -6087.000000 1715.000000
-867.000000 -4945.000000 2772.000000
-842.000000 -3825.000000 3242.000000
-1047.000000 -4082.000000 3040.000000
-1220.000000 -6460.000000 817.000000
-705.000000 -4885.000000 -3680.000000
-455.000000 -2255.000000 -3382.000000
-337.000000 -760.000000 -2410.000000
-317.000000 497.000000 -420.000000
-607.000000 362.000000 1442.000000
-955.000000 -512.000000 2380.000000
-1160.000000 -1142.000000 2607.000000
-1000.000000 -240.000000 1997.000000
-645.000000 280.000000 -302.000000
-367.000000 -1030.000000 -2617.000000
-72.000000 -3100.000000 -3937.000000
82.000000 -5892.000000 -3912.000000
-215.000000 -7637.000000 -1800.000000
-490.000000 -7312.000000 545.000000
-752.000000 -6310.000000 1870.000000
-935.000000 -5022.000000 2722.000000
-1307.000000 -4010.000000 2777.000000
-1685.000000 -3490.000000 2465.000000
-1750.000000 -3525.000000 2430.000000
-1582.000000 -4445.000000 2285.000000
-1822.000000 -5855.000000 307.000000
-1440.000000 -4377.000000 -2870.000000
-777.000000 -2100.000000 -3030.000000
-440.000000 -1065.000000 -2607.000000
-347.000000 -125.000000 -1690.000000
-757.000000 255.000000 -550.000000
-627.000000 585.000000 360.000000
-527.000000 692.000000 1170.000000
-817.000000 507.000000 1552.000000
-782.000000 -105.000000 2127.000000
-627.000000 575.000000 1665.000000
-82.000000 1330.000000 -625.000000
-165.000000 -777.000000 -3540.000000
-495.000000 -2662.000000 -4315.000000
-367.000000 -4915.000000 -4572.000000
-797.000000 -6780.000000 -3332.000000
-1135.000000 -7352.000000 -1367.000000
-1250.000000 -6247.000000 1482.000000
-1390.000000 -3965.000000 2837.000000
-2037.000000 -2812.000000 2320.000000
-2465.000000 -2232.000000 1750.000000
-2362.000000 -2780.000000 1957.000000
-2302.000000 -4542.000000 1467.000000
-2297.000000 -5922.000000 -897.000000
-1465.000000 -3960.000000 -3817.000000
-772.000000 -2047.000000 -3922.000000
-277.000000 -290.000000 -3145.000000
-230.000000 787.000000 -1850.000000
-507.000000 1185.000000 -157.000000
-757.000000 847.000000 1200.000000
-910.000000 212.000000 1860.000000
-960.000000 -265.000000 2197.000000
-617.000000 235.000000 2087.000000
-140.000000 1462.000000 772.000000
292.000000 1107.000000 -1997.000000
282.000000 -720.000000 -3992.000000
-175.000000 -3642.000000 -4830.000000
-562.000000 -6190.000000 -4017.000000
-1052.000000 -7322.000000 -1720.000000
-1505.000000 -6595.000000 335.000000
-1797.000000 -4645.000000 1840.000000
-2240.000000 -4020.000000 1625.000000
-2165.000000 -4557.000000 1437.000000
-2127.000000 -4527.000000 1397.000000
-2072.000000 -4330.000000 1705.000000
-1970.000000 -3737.000000 2112.000000
-1745.000000 -1862.000000 2495.000000
-1505.000000 -150.000000 1850.000000
-1612.000000 42.000000 1547.000000
-1587.000000 -1087.000000 2540.000000
-1307.000000 -5055.000000 2295.000000
-872.000000 -7517.000000 -677.000000
-862.000000 -6630.000000 -3492.000000
-872.000000 -4320.000000 -4385.000000
-767.000000 -2160.000000 -4102.000000
-752.000000 130.000000 -2702.000000
-955.000000 782.000000 -1452.000000
-1255.000000 750.000000 -952.000000
-1695.000000 162.000000 -1417.000000
-2127.000000 -1985.000000 -2945.000000
-2155.000000 -3545.000000 -3267.000000
-2047.000000 -4697.000000 -3287.000000
-1950.000000 -5845.000000 -2637.000000
-2087.000000 -6350.000000 -1255.000000
-2272.000000 -5210.000000 852.000000
-2322.000000 -3457.000000 1795.000000
-2372.000000 -2037.000000 1675.000000
-2440.000000 -1572.000000 1260.000000
-2505.000000 -2425.000000 1432.000000
-2410.000000 -5017.000000 672.000000
-2052.000000 -6402.000000 -1322.000000
-1842.000000 -4882.000000 -3505.000000
-1762.000000 -1937.000000 -3292.000000
-1622.000000 -85.000000 -1937.000000
-1390.000000 585.000000 -995.000000
-1377.000000 797.000000 2.000000
-1347.000000 740.000000 620.000000
-1405.000000 682.000000 697.000000
-1490.000000 647.000000 -555.000000
-1807.000000 -657.000000 -2435.000000
-1587.000000 -2387.000000 -3730.000000
-1517.000000 -3777.000000 -4027.000000
-1102.000000 -6465.000000 -3505.000000
-1130.000000 -7440.000000 -985.000000
-1215.000000 -5957.000000 1675.000000
-1517.000000 -3370.000000 2747.000000
-2317.000000 -1355.000000 2727.000000
-2582.000000 -817.000000 2380.000000
-1710.000000 -1480.000000 2837.000000
-1017.000000 -3975.000000 3040.000000
-675.000000 -6315.000000 1825.000000
-405.000000 -7912.000000 -1230.000000
-312.000000 -6035.000000 -4400.000000
-252.000000 -2735.000000 -4637.000000
-77.000000 -85.000000 -3327.000000
-230.000000 1015.000000 -1932.000000
112.000000 1375.000000 -1587.000000
175.000000 900.000000 -2505.000000
-52.000000 -2715.000000 -4880.000000
-37.000000 -6030.000000 -4537.000000
-67.000000 -7880.000000 -2597.000000
-235.000000 -7642.000000 390.000000
-480.000000 -6140.000000 2212.000000
-1312.000000 -4037.000000 2692.000000
-1705.000000 -3177.000000 2525.000000
-1622.000000 -2595.000000 2617.000000
-1675.000000 -1617.000000 2460.000000
-1405.000000 -2250.000000 2865.000000
-895.000000 -5085.000000 2567.000000
-317.000000 -7802.000000 -217.000000
612.000000 -8055.000000 -2895.000000
1802.000000 -6072.000000 -4895.000000
2617.000000 -1882.000000 -4507.000000
2862.000000 310.000000 -2955.000000
3052.000000 1122.000000 -1660.000000
3062.000000 1485.000000 -1065.000000
2735.000000 1490.000000 -1080.000000
2097.000000 1225.000000 -1765.000000
1367.000000 410.000000 -2767.000000
720.000000 -1467.000000 -4107.000000
52.000000 -4832.000000 -4537.000000
-362.000000 -7022.000000 -3085.000000
-287.000000 -7827.000000 -637.000000
-130.000000 -7210.000000 1387.000000
82.000000 -4827.000000 3570.000000
-312.000000 -3375.000000 3780.000000
-522.000000 -2135.000000 3655.000000
-495.000000 -2470.000000 3760.000000
-485.000000 -5182.000000 2975.000000
-107.000000 -7517.000000 852.000000
910.000000 -8267.000000 -2107.000000
2007.000000 -5942.000000 -4815.000000
2812.000000 -2227.000000 -4677.000000
2955.000000 -487.000000 -3690.000000
2425.000000 -682.000000 -3887.000000
1185.000000 -2635.000000 -4742.000000
92.000000 -6180.000000 -4135.000000
-405.000000 -7637.000000 -1660.000000
-695.000000 -7250.000000 400.000000
-847.000000 -4740.000000 2935.000000
-985.000000 -2560.000000 3257.000000
-1312.000000 -1782.000000 2767.000000
-1455.000000 -1292.000000 2295.000000
-1455.000000 -870.000000 1927.000000
-1255.000000 -1020.000000 2415.000000
-1175.000000 -2310.000000 3165.000000
-980.000000 -5080.000000 2525.000000
-685.000000 -7472.000000 -742.000000
-582.000000 -7105.000000 -3397.000000
-112.000000 -4342.000000 -4990.000000
272.000000 -1552.000000 -4542.000000
475.000000 585.000000 -3467.000000
367.000000 1882.000000 -2182.000000
450.000000 1515.000000 -2702.000000
155.000000 -837.000000 -4532.000000
-170.000000 -3412.000000 -5065.000000
-322.000000 -5530.000000 -4702.000000
-190.000000 -7647.000000 -2960.000000
-385.000000 -7952.000000 -1105.000000
-910.000000 -6867.000000 965.000000
-1185.000000 -4997.000000 2425.000000
-1485.000000 -3262.000000 2777.000000
-1607.000000 -1995.000000 2607.000000
-1750.000000 -860.000000 2052.000000
-1852.000000 -580.000000 1590.000000
-1837.000000 -900.000000 1922.000000
-1705.000000 -2382.000000 2622.000000
-1635.000000 -4982.000000 2057.000000
-1527.000000 -6852.000000 112.000000
-847.000000 -7507.000000 -2345.000000
-112.000000 -6810.000000 -3997.000000
32.000000 -5270.000000 -4910.000000
7.000000 -2910.000000 -4770.000000
-327.000000 -1035.000000 -4042.000000
-400.000000 -232.000000 -3125.000000
-527.000000 -77.000000 -2707.000000
-842.000000 -550.000000 -3070.000000
-1380.000000 -2172.000000 -3700.000000
-1527.000000 -2987.000000 -3902.000000
-1602.000000 -3560.000000 -3977.000000
-1755.000000 -5137.000000 -3535.000000
-2027.000000 -6030.000000 -2490.000000
-2705.000000 -5582.000000 -1327.000000
-3077.000000 -4682.000000 -1562.000000
-2842.000000 -5017.000000 -1987.000000
-2640.000000 -5497.000000 -1855.000000
-2675.000000 -5607.000000 -1685.000000
-2650.000000 -5550.000000 -1537.000000
-2857.000000 -5065.000000 -985.000000
-2890.000000 -4522.000000 -435.000000
-2807.000000 -4402.000000 -262.000000
-2822.000000 -4037.000000 -212.000000
-2867.000000 -2780.000000 -242.000000
-2832.000000 -2387.000000 -67.000000
-2852.000000 -2792.000000 312.000000
-2510.000000 -3617.000000 1467.000000
-1817.000000 -5240.000000 1547.000000
-1890.000000 -6170.000000 520.000000
-2532.000000 -5665.000000 -600.000000
-2762.000000 -4925.000000 -970.000000
-2872.000000 -4630.000000 -635.000000
-2867.000000 -3085.000000 430.000000
-2690.000000 -1845.000000 197.000000
-2762.000000 -1975.000000 217.000000
-2812.000000 -2110.000000 -52.000000
-2812.000000 -2197.000000 -167.000000
-2760.000000 -2000.000000 -405.000000
-2602.000000 -1505.000000 -657.000000
-2665.000000 -1707.000000 -575.000000
-2782.000000 -2165.000000 -1020.000000
-2867.000000 -2915.000000 -1272.000000
-2900.000000 -3442.000000 -1297.000000
-2867.000000 -3985.000000 -912.000000
-2852.000000 -4275.000000 -635.000000
-2862.000000 -4290.000000 -490.000000
-2882.000000 -4032.000000 -420.000000
-2885.000000 -3917.000000 -375.000000
-2877.000000 -4145.000000 -415.000000
-2670.000000 -4872.000000 -1517.000000
-2425.000000 -4352.000000 -2622.000000
-2587.000000 -2895.000000 -2167.000000
-2632.000000 -2482.000000 -1895.000000
-2617.000000 -2687.000000 -2012.000000
-2505.000000 -2537.000000 -2197.000000
-2597.000000 -2502.000000 -1962.000000
-2567.000000 -1990.000000 -1600.000000
-2405.000000 -1855.000000 -2062.000000
-2460.000000 -1732.000000 -1905.000000
-2772.000000 -3555.000000 -2087.000000
-2685.000000 -4107.000000 -2460.000000
-2730.000000 -3660.000000 -2102.000000
-2852.000000 -3185.000000 -1670.000000
-2700.000000 -2377.000000 -1720.000000
-2537.000000 -1630.000000 -1567.000000
-2527.000000 -1307.000000 -1220.000000
-2450.000000 -1055.000000 -535.000000
-2322.000000 -775.000000 -330.000000
-2042.000000 -545.000000 -1932.000000
-1307.000000 -1845.000000 -3660.000000
-425.000000 -4175.000000 -4627.000000
480.000000 -6310.000000 -4425.000000
1077.000000 -7250.000000 -3877.000000
1230.000000 -7575.000000 -3640.000000
2287.000000 -7362.000000 -3755.000000
3455.000000 -7095.000000 -3630.000000
3857.000000 -6915.000000 -3520.000000
3617.000000 -6727.000000 -3800.000000
2660.000000 -6635.000000 -4447.000000
2532.000000 -6102.000000 -4770.000000
2005.000000 -5670.000000 -5122.000000
1342.000000 -5200.000000 -5247.000000
1740.000000 -5055.000000 -5342.000000
1985.000000 -4930.000000 -5397.000000
2132.000000 -4780.000000 -5400.000000
