2655.0 -4672.0 -4487.0
2645.0 -4672.0 -4522.0
2627.0 -4585.0 -4492.0
2572.0 -4037.0 -4497.0
2537.0 -3510.0 -4335.0
2552.0 -3422.0 -4295.0
2862.0 -4135.0 -4440.0
3387.0 -6440.0 -4130.0
3640.0 -8060.0 -2782.0
3685.0 -8687.0 -1015.0
3567.0 -8542.0 937.0
3557.0 -7870.0 2300.0
3597.0 -6905.0 3550.0
3500.0 -5675.0 4360.0
3632.0 -4165.0 5005.0
3637.0 -2497.0 5197.0
3400.0 -1530.0 4995.0
3185.0 -662.0 4667.0
2817.0 300.0 3790.0
2572.0 1065.0 2147.0
2517.0 1122.0 657.0
2440.0 1010.0 122.0
2475.0 1200.0 1442.0
2440.0 270.0 3827.0
2735.0 -2202.0 5152.0
3027.0 -4992.0 4770.0
3327.0 -7565.0 2717.0
3505.0 -8505.0 1055.0
3655.0 -8712.0 72.0
3812.0 -8707.0 -375.0
4057.0 -8650.0 -570.0
4150.0 -8592.0 -947.0
4367.0 -8427.0 -1557.0
4577.0 -8112.0 -2225.0
4655.0 -7410.0 -3227.0
4322.0 -6262.0 -4127.0
4205.0 -3902.0 -4320.0
4137.0 -2797.0 -4077.0
3807.0 -1535.0 -3472.0
3602.0 322.0 -1685.0
3475.0 1087.0 -62.0
3440.0 1257.0 1240.0
3145.0 1220.0 1730.0
2847.0 1200.0 1962.0
2877.0 905.0 -515.0
3322.0 -967.0 -3070.0
3602.0 -3355.0 -4350.0
3577.0 -5317.0 -4467.0
3450.0 -7137.0 -3847.0
3155.0 -6512.0 -4175.0
2995.0 -6582.0 -4220.0
3852.0 -7787.0 -3302.0
6225.0 -5110.0 -3620.0
4940.0 -2150.0 -3972.0
2185.0 -6122.0 -4800.0
1832.0 -6247.0 -4642.0
1920.0 -5975.0 -4775.0
2012.0 -5927.0 -4757.0
1480.0 -6000.0 -4602.0
1705.0 -5845.0 -4707.0
3022.0 -6262.0 -4677.0
3272.0 -6615.0 -4405.0
2832.0 -6552.0 -4330.0
2975.0 -7565.0 -3710.0
2852.0 -8645.0 -2132.0
2262.0 -8372.0 1502.0
2170.0 -7220.0 3187.0
2410.0 -5597.0 4492.0
2675.0 -3505.0 5132.0
2847.0 -1622.0 5020.0
2650.0 -502.0 4477.0
2582.0 -167.0 4240.0
2675.0 -1292.0 4900.0
2735.0 -4030.0 5082.0
2910.0 -7152.0 3247.0
3010.0 -8820.0 -192.0
2905.0 -8237.0 -2880.0
2660.0 -6577.0 -4275.0
2685.0 -4030.0 -4577.0
2480.0 -2005.0 -3827.0
2505.0 -570.0 -2677.0
2190.0 775.0 -465.0
1920.0 967.0 1605.0
1832.0 435.0 3352.0
1900.0 -232.0 4122.0
2097.0 -197.0 4112.0
2650.0 1165.0 1090.0
3460.0 -865.0 -3080.0
3607.0 -4645.0 -4612.0
3547.0 -7410.0 -3705.0
3145.0 -8882.0 -757.0
2862.0 -7792.0 2597.0
2760.0 -5520.0 4562.0
2720.0 -2575.0 5197.0
2700.0 -2250.0 5102.0
3000.0 -3937.0 5112.0
3240.0 -6557.0 3800.0
3372.0 -8790.0 92.0
3572.0 -8742.0 -1552.0
3730.0 -7327.0 -3837.0
4357.0 -3897.0 -4440.0
4245.0 -700.0 -2767.0
3587.0 1020.0 262.0
2640.0 905.0 2812.0
2337.0 52.0 4007.0
2337.0 -962.0 4752.0
2792.0 -130.0 4185.0
3607.0 1162.0 1322.0
3940.0 -512.0 -2672.0
4112.0 -4557.0 -4582.0
4010.0 -6737.0 -4250.0
3765.0 -8282.0 -2842.0
3685.0 -8892.0 -495.0
3745.0 -7827.0 2577.0
3807.0 -5122.0 4717.0
3547.0 -3050.0 5247.0
3440.0 -1830.0 5097.0
3547.0 -2362.0 5162.0
3895.0 -4502.0 4890.0
4277.0 -6800.0 3477.0
4327.0 -8067.0 1845.0
4165.0 -8795.0 -505.0
4287.0 -6857.0 -4112.0
4332.0 -4832.0 -4537.0
4230.0 -2957.0 -4205.0
4097.0 -255.0 -2365.0
3895.0 1190.0 1220.0
3900.0 217.0 3837.0
3847.0 -1462.0 4950.0
3857.0 -2010.0 5147.0
3935.0 -745.0 4602.0
4097.0 1045.0 2037.0
4597.0 415.0 -1135.0
5107.0 -2875.0 -3892.0
5127.0 -5322.0 -4260.0
4122.0 -7260.0 -3862.0
3277.0 -8805.0 -1800.0
2822.0 -8365.0 1685.0
2910.0 -6905.0 3725.0
2970.0 -4807.0 4930.0
3302.0 -5260.0 4752.0
3680.0 -8610.0 1110.0
3980.0 -8320.0 -2827.0
4567.0 -4537.0 -4477.0
4250.0 155.0 -1810.0
4327.0 832.0 2607.0
4705.0 -332.0 4082.0
4655.0 -827.0 4472.0
4920.0 580.0 2772.0
5165.0 -202.0 -1815.0
5097.0 -3055.0 -4042.0
4622.0 -6030.0 -4325.0
3890.0 -8030.0 -3232.0
3062.0 -8985.0 -937.0
3052.0 -8205.0 2177.0
3405.0 -6862.0 3715.0
3650.0 -7365.0 3105.0
3612.0 -8882.0 -1542.0
3552.0 -6280.0 -4400.0
3862.0 -3022.0 -4355.0
4097.0 -162.0 -2177.0
3950.0 1162.0 1040.0
3812.0 312.0 3800.0
3792.0 -775.0 4647.0
3787.0 -880.0 4770.0
3637.0 57.0 4150.0
3842.0 1097.0 560.0
4377.0 -1330.0 -3272.0
4000.0 -5272.0 -4567.0
2910.0 -8510.0 -2520.0
2230.0 -8857.0 -1010.0
2257.0 -8547.0 1150.0
2715.0 -7327.0 3182.0
3012.0 -7235.0 3322.0
3390.0 -8775.0 132.0
3262.0 -8397.0 -2667.0
2895.0 -5782.0 -4467.0
2455.0 -1722.0 -3550.0
2160.0 735.0 -445.0
2005.0 1035.0 1507.0
2445.0 532.0 3492.0
2822.0 -445.0 4572.0
2862.0 687.0 3227.0
3077.0 962.0 -282.0
3332.0 -967.0 -3125.0
3352.0 -3645.0 -4415.0
3137.0 -5737.0 -4502.0
3122.0 -7590.0 -3580.0
3190.0 -8665.0 -1885.0
3210.0 -8737.0 252.0
3450.0 -8055.0 2107.0
3500.0 -8082.0 2062.0
3400.0 -8770.0 -52.0
2985.0 -7875.0 -3247.0
2705.0 -5065.0 -4492.0
2302.0 -2032.0 -3670.0
1910.0 -7.0 -1715.0
1935.0 605.0 -555.0
1767.0 745.0 42.0
1895.0 920.0 827.0
2190.0 1025.0 1287.0
2632.0 792.0 -400.0
3107.0 -1112.0 -3197.0
3675.0 -4125.0 -4435.0
3787.0 -5710.0 -4350.0
3137.0 -7530.0 -3500.0
3225.0 -8392.0 -2380.0
3632.0 -8722.0 -1145.0
3905.0 -8635.0 -515.0
3730.0 -8572.0 -1830.0
2720.0 -7280.0 -3760.0
2772.0 -4087.0 -4445.0
3730.0 -2822.0 -4017.0
3960.0 -2547.0 -3827.0
3562.0 -997.0 -2890.0
3505.0 925.0 207.0
3670.0 925.0 2525.0
4920.0 -580.0 3972.0
4945.0 -1152.0 4305.0
4265.0 172.0 3495.0
3512.0 1162.0 1085.0
3262.0 182.0 -1830.0
2817.0 -2715.0 -4130.0
2277.0 -5220.0 -4415.0
1415.0 -6877.0 -3555.0
405.0 -7667.0 -1740.0
272.0 -7730.0 -1265.0
965.0 -6140.0 -3625.0
2017.0 -3030.0 -4072.0
2617.0 -12.0 -1907.0
3282.0 1117.0 697.0
4102.0 647.0 3045.0
4882.0 -487.0 3967.0
4980.0 -1132.0 4380.0
4822.0 -1152.0 4390.0
4695.0 12.0 3620.0
4587.0 855.0 1317.0
4510.0 232.0 -1220.0
4515.0 -1390.0 -3135.0
4377.0 -3752.0 -4205.0
4420.0 -5737.0 -4117.0
4440.0 -6775.0 -3665.0
4367.0 -7440.0 -3202.0
4255.0 -7782.0 -2900.0
4382.0 -7292.0 -3427.0
4547.0 -5602.0 -4135.0
5112.0 -3482.0 -3832.0
5205.0 -1247.0 -2607.0
4562.0 -52.0 -1835.0
4905.0 300.0 -247.0
5410.0 -182.0 1367.0
5435.0 -600.0 1932.0
5332.0 -647.0 2217.0
5037.0 -1097.0 2920.0
4965.0 -3385.0 3332.0
4700.0 -5570.0 2797.0
4817.0 -5752.0 2582.0
5180.0 -3550.0 3187.0
5410.0 -1080.0 2425.0
5190.0 72.0 877.0
5107.0 77.0 -630.0
4837.0 -310.0 -1967.0
4337.0 -1717.0 -3665.0
3797.0 -3482.0 -4522.0
3685.0 -5670.0 -4552.0
3485.0 -7750.0 -3352.0
3480.0 -8447.0 -1825.0
3670.0 -8325.0 -1997.0
3895.0 -6665.0 -4140.0
4415.0 -3955.0 -4452.0
4782.0 -2807.0 -3927.0
5072.0 -1065.0 -2587.0
5122.0 120.0 -490.0
5220.0 47.0 807.0
5367.0 -522.0 1957.0
5587.0 -2105.0 2870.0
5455.0 -2047.0 2950.0
5395.0 -2657.0 3120.0
5352.0 -3022.0 3120.0
5425.0 -3665.0 2990.0
5415.0 -4280.0 2857.0
5405.0 -5400.0 2365.0
5347.0 -6542.0 1317.0
4955.0 -7750.0 -677.0
4515.0 -7022.0 -3422.0
4392.0 -6170.0 -4077.0
4435.0 -6450.0 -3992.0
4455.0 -7905.0 -2187.0
4322.0 -7675.0 747.0
3965.0 -4877.0 3575.0
3935.0 -2197.0 4032.0
3995.0 -12.0 2910.0
4022.0 837.0 1577.0
4140.0 890.0 -197.0
4127.0 372.0 -1675.0
3995.0 -235.0 -2627.0
3750.0 -755.0 -3252.0
4047.0 -105.0 -2375.0
4607.0 715.0 415.0
4735.0 67.0 2212.0
4827.0 -740.0 2865.0
4852.0 -1612.0 3282.0
4660.0 -3190.0 3615.0
4367.0 -5570.0 2925.0
4160.0 -7275.0 1532.0
4062.0 -8200.0 -385.0
3690.0 -7777.0 -3217.0
3245.0 -5737.0 -4752.0
3027.0 -3410.0 -4780.0
2980.0 -890.0 -3555.0
3400.0 275.0 -2192.0
3552.0 217.0 -2217.0
3180.0 -2037.0 -4270.0
3512.0 -6755.0 -4205.0
3577.0 -8432.0 -752.0
3612.0 -6910.0 2360.0
3832.0 -2357.0 4047.0
3920.0 -347.0 3317.0
3910.0 720.0 2047.0
3665.0 1157.0 712.0
3632.0 1165.0 177.0
3760.0 1112.0 867.0
4277.0 -372.0 3175.0
4302.0 -4000.0 3765.0
4057.0 -6760.0 2265.0
3960.0 -8227.0 32.0
3980.0 -8072.0 -2552.0
3822.0 -6077.0 -4405.0
3542.0 -3567.0 -4762.0
3230.0 -1185.0 -3862.0
3112.0 382.0 -2295.0
2970.0 555.0 -2057.0
2940.0 -1472.0 -3947.0
3210.0 -6122.0 -4572.0
3582.0 -8350.0 -2350.0
3950.0 -8127.0 232.0
4327.0 -5917.0 2870.0
4670.0 -3665.0 3595.0
4740.0 -1907.0 3487.0
4655.0 -255.0 2637.0
4267.0 865.0 672.0
4297.0 890.0 637.0
4435.0 377.0 2152.0
4537.0 -1790.0 3610.0
4235.0 -5022.0 3437.0
3660.0 -7430.0 1765.0
3455.0 -8377.0 162.0
3077.0 -8650.0 -1735.0
2445.0 -7535.0 -3942.0
2312.0 -7075.0 -4360.0
1777.0 -4945.0 -4965.0
1470.0 -2635.0 -4562.0
2057.0 -4330.0 -4965.0
3255.0 -8170.0 -3025.0
3317.0 -8682.0 -1392.0
3685.0 -8305.0 340.0
4312.0 -6765.0 2375.0
4440.0 -5627.0 3080.0
4265.0 -3665.0 3892.0
4547.0 -2740.0 3795.0
4985.0 -942.0 3015.0
5067.0 395.0 822.0
5155.0 -37.0 -1327.0
4210.0 -842.0 -3277.0
4282.0 -715.0 -3120.0
4287.0 700.0 -942.0
4220.0 687.0 1907.0
3205.0 -967.0 3972.0
2777.0 -3472.0 4365.0
2592.0 -5902.0 3437.0
2465.0 -7757.0 1660.0
1872.0 -8675.0 -317.0
1117.0 -8267.0 -2752.0
1012.0 -6047.0 -4672.0
1572.0 -3985.0 -5010.0
3017.0 -3287.0 -4845.0
3612.0 -2630.0 -4577.0
3627.0 -2155.0 -4385.0
3877.0 -1515.0 -3987.0
4312.0 -2735.0 -4300.0
4965.0 -5502.0 -4140.0
5057.0 -6837.0 -3197.0
5057.0 -7705.0 -1307.0
4905.0 -7477.0 330.0
4577.0 -5152.0 3105.0
4327.0 -3727.0 3765.0
4935.0 -2067.0 3412.0
4597.0 -405.0 2875.0
5127.0 -37.0 1880.0
5027.0 327.0 -682.0
4730.0 -275.0 -2390.0
4155.0 -1540.0 -3847.0
3705.0 -3515.0 -4810.0
4260.0 -3942.0 -4627.0
4985.0 -1075.0 -2940.0
5210.0 80.0 -1140.0
5032.0 390.0 1312.0
4730.0 -812.0 3232.0
4455.0 -2497.0 3882.0
4567.0 -4102.0 3635.0
5117.0 -6200.0 2137.0
5882.0 -6970.0 -247.0
6117.0 -6522.0 -1467.0
6405.0 -5772.0 -2037.0
6485.0 -4465.0 -2535.0
6515.0 -3200.0 -2415.0
6410.0 -3022.0 -2410.0
6400.0 -4367.0 -2860.0
5935.0 -6805.0 -1865.0
5352.0 -7452.0 152.0
5190.0 -5502.0 2767.0
5020.0 -2237.0 3482.0
5027.0 -885.0 3050.0
4970.0 517.0 1407.0
4995.0 310.0 -1155.0
4812.0 -435.0 -2515.0
4395.0 -2880.0 -4462.0
4430.0 -4620.0 -4602.0
4505.0 -3380.0 -4445.0
4750.0 -145.0 -2207.0
4205.0 837.0 1825.0
4155.0 -600.0 3452.0
5220.0 -3525.0 3327.0
5920.0 -6112.0 1347.0
6142.0 -6712.0 -1115.0
6062.0 -5752.0 -2797.0
5892.0 -4977.0 -3357.0
5750.0 -4455.0 -3600.0
5527.0 -4822.0 -3827.0
5122.0 -4812.0 -4155.0
4730.0 -3457.0 -4320.0
4867.0 -5560.0 -4205.0
4822.0 -8055.0 -807.0
4552.0 -6955.0 2087.0
4302.0 -4052.0 3867.0
4067.0 -275.0 3337.0
4107.0 682.0 2250.0
3882.0 1170.0 395.0
3877.0 620.0 -1730.0
4062.0 -957.0 -3580.0
4265.0 -3060.0 -4472.0
4322.0 -2967.0 -4420.0
4532.0 -95.0 -2217.0
4665.0 755.0 525.0
5077.0 -1360.0 3217.0
5235.0 -3520.0 3352.0
5122.0 -5607.0 2552.0
5022.0 -7647.0 192.0
5072.0 -7512.0 -2112.0
5092.0 -5947.0 -3867.0
4660.0 -4522.0 -4375.0
4495.0 -3825.0 -4445.0
4505.0 -2945.0 -4230.0
4680.0 -2460.0 -3942.0
4867.0 -2405.0 -3795.0
5270.0 -4652.0 -3947.0
5770.0 -6650.0 -2380.0
5690.0 -6755.0 742.0
5037.0 -5260.0 2895.0
4005.0 -3002.0 4102.0
3347.0 -1190.0 4022.0
3087.0 -37.0 3412.0
3302.0 885.0 2245.0
3102.0 1325.0 917.0
3005.0 1257.0 -330.0
2975.0 937.0 -1317.0
2910.0 -305.0 -3177.0
3637.0 -3452.0 -4652.0
4287.0 -5260.0 -4507.0
4490.0 -6025.0 -4225.0
4312.0 -5952.0 -4305.0
3945.0 -5187.0 -4647.0
3715.0 -3670.0 -4657.0
3395.0 -750.0 -3402.0
3347.0 832.0 -1427.0
3695.0 1162.0 1005.0
3700.0 -227.0 3367.0
3415.0 -3422.0 4215.0
3832.0 -6567.0 2520.0
4527.0 -7380.0 1195.0
4655.0 -7565.0 717.0
4690.0 -6427.0 2280.0
4772.0 -3567.0 3630.0
4552.0 -1087.0 3412.0
4082.0 730.0 2007.0
3547.0 910.0 -995.0
3632.0 -1030.0 -3492.0
4000.0 -3100.0 -4457.0
4057.0 -4915.0 -4567.0
4175.0 -6135.0 -4245.0
4165.0 -6567.0 -4072.0
4332.0 -4867.0 -4435.0
4127.0 -1805.0 -3800.0
3572.0 982.0 -565.0
3455.0 1065.0 1655.0
3510.0 372.0 2782.0
3220.0 -1247.0 3957.0
3022.0 -3410.0 4205.0
3420.0 -5685.0 3837.0
3995.0 -6582.0 2940.0
4210.0 -7380.0 2017.0
4405.0 -8092.0 335.0
4420.0 -8242.0 -1270.0
4435.0 -8242.0 -1590.0
4587.0 -8170.0 -287.0
4260.0 -7322.0 2117.0
4522.0 -5642.0 3402.0
4695.0 -4470.0 3832.0
4490.0 -2445.0 4130.0
3700.0 -1020.0 4127.0
2872.0 -705.0 4140.0
2650.0 -687.0 4175.0
2975.0 -1545.0 4467.0
2847.0 -2880.0 4627.0
3760.0 -5132.0 3922.0
4582.0 -6800.0 2410.0
4557.0 -7922.0 525.0
4010.0 -8402.0 -1387.0
3945.0 -7880.0 -2822.0
3650.0 -5937.0 -4415.0
3627.0 -3177.0 -4360.0
3670.0 -1242.0 -3342.0
3710.0 -235.0 -2490.0
3587.0 -545.0 -2875.0
3057.0 -2465.0 -4205.0
3127.0 -5680.0 -4522.0
3460.0 -7782.0 -3080.0
3782.0 -8165.0 712.0
4047.0 -6542.0 3035.0
4337.0 -4765.0 4007.0
4895.0 -2475.0 3947.0
5142.0 -1535.0 3487.0
5145.0 -2790.0 3832.0
5357.0 -4852.0 3357.0
5650.0 -7210.0 757.0
5647.0 -7055.0 -2192.0
5250.0 -4950.0 -3700.0
5170.0 -3240.0 -3530.0
5132.0 -2077.0 -3030.0
5062.0 -775.0 -1912.0
5307.0 -487.0 -1145.0
5562.0 -682.0 -1135.0
5415.0 -1205.0 -2067.0
5465.0 -3550.0 -3545.0
5327.0 -6842.0 -2837.0
5077.0 -7967.0 -510.0
5142.0 -6362.0 2562.0
5155.0 -3777.0 3770.0
4955.0 -1215.0 3442.0
4542.0 322.0 2022.0
4695.0 322.0 1725.0
4837.0 -720.0 3217.0
4617.0 -4387.0 3917.0
4842.0 -7425.0 1572.0
5067.0 -8005.0 -777.0
5220.0 -7115.0 -2802.0
5185.0 -5370.0 -3765.0
5005.0 -2885.0 -3625.0
5270.0 -1912.0 -2950.0
5465.0 -2987.0 -3377.0
5225.0 -5772.0 -3635.0
4910.0 -7657.0 -2365.0
4832.0 -8010.0 345.0
4862.0 -6557.0 2622.0
4950.0 -4440.0 3775.0
5117.0 -2837.0 3847.0
5440.0 -1907.0 3457.0
5587.0 -2005.0 3312.0
5632.0 -4110.0 3317.0
5597.0 -6610.0 1907.0
5510.0 -7690.0 -697.0
5410.0 -6672.0 -3035.0
5260.0 -4430.0 -3877.0
5000.0 -2720.0 -3560.0
4970.0 -1945.0 -3145.0
5052.0 -1592.0 -2905.0
5087.0 -837.0 -2142.0
5312.0 -855.0 -1962.0
5342.0 -2745.0 -3427.0
5435.0 -6212.0 -3252.0
5582.0 -7627.0 -817.0
5777.0 -6455.0 1805.0
5940.0 -3965.0 3140.0
5905.0 -1375.0 2742.0
5817.0 -620.0 2012.0
5812.0 -637.0 1932.0
6142.0 -2037.0 2767.0
6215.0 -4677.0 2677.0
6122.0 -6900.0 505.0
6142.0 -6910.0 -1567.0
5897.0 -5622.0 -3160.0
5582.0 -2857.0 -3307.0
5480.0 -750.0 -1610.0
5792.0 -347.0 -385.0
5950.0 -455.0 -172.0
5827.0 -875.0 -1487.0
5807.0 -4030.0 -3495.0
5955.0 -6905.0 -2187.0
5872.0 -7370.0 -515.0
6215.0 -6247.0 1467.0
6607.0 -4445.0 2245.0
6902.0 -2735.0 1962.0
6842.0 -2425.0 1865.0
6670.0 -2702.0 2325.0
6397.0 -3980.0 2722.0
6265.0 -5715.0 2012.0
6057.0 -7012.0 697.0
5797.0 -7312.0 -1907.0
5685.0 -5947.0 -3472.0
5450.0 -3602.0 -3817.0
5395.0 -1007.0 -2405.0
5420.0 207.0 692.0
5277.0 -362.0 2712.0
5322.0 -662.0 2990.0
5347.0 -352.0 2617.0
5342.0 280.0 1572.0
5180.0 197.0 -697.0
5612.0 -2320.0 -3212.0
6527.0 -4335.0 -2870.0
6832.0 -5007.0 -2197.0
6882.0 -4775.0 -2102.0
6935.0 -4817.0 -1745.0
6920.0 -5530.0 -917.0
6802.0 -6047.0 -127.0
6607.0 -6112.0 742.0
6205.0 -6285.0 1492.0
6102.0 -6067.0 1880.0
5872.0 -5432.0 2647.0
5387.0 -3257.0 3867.0
5420.0 -2285.0 3720.0
6067.0 -4765.0 2837.0
6170.0 -6930.0 475.0
6062.0 -7007.0 -1972.0
6072.0 -5070.0 -3462.0
6067.0 -1777.0 -2485.0
6132.0 -372.0 335.0
5715.0 -497.0 2450.0
4792.0 -1175.0 3837.0
5265.0 -1370.0 3610.0
6205.0 -1855.0 2762.0
6862.0 -1737.0 1175.0
7032.0 -2425.0 -1120.0
6572.0 -3390.0 -2647.0
6117.0 -5235.0 -3382.0
5665.0 -7157.0 -2672.0
5415.0 -7905.0 -415.0
5612.0 -7260.0 1175.0
5627.0 -7230.0 1085.0
5685.0 -7595.0 -1512.0
5770.0 -5410.0 -3535.0
6082.0 -2677.0 -3050.0
5990.0 -472.0 -747.0
5910.0 -162.0 980.0
6092.0 -782.0 1987.0
6357.0 -2945.0 2812.0
6405.0 -4387.0 2547.0
6332.0 -4822.0 2480.0
6287.0 -4265.0 2752.0
6445.0 -2067.0 2485.0
6607.0 -1085.0 580.0
6410.0 -2420.0 -2315.0
6137.0 -5230.0 -3202.0
6150.0 -6745.0 -2270.0
5950.0 -7375.0 -712.0
5465.0 -7622.0 335.0
5185.0 -7767.0 530.0
5185.0 -7937.0 -152.0
5450.0 -7235.0 -2657.0
5647.0 -4425.0 -3780.0
5680.0 -1185.0 -2167.0
5817.0 -250.0 -47.0
6107.0 -847.0 1725.0
6112.0 -2227.0 2852.0
6142.0 -4037.0 2900.0
5925.0 -6062.0 2042.0
5582.0 -7352.0 560.0
5145.0 -7865.0 -1327.0
4832.0 -7845.0 -2300.0
5160.0 -7840.0 -1412.0
5905.0 -6667.0 1272.0
6367.0 -4785.0 2350.0
6532.0 -2600.0 2305.0
6357.0 -942.0 1130.0
5772.0 -400.0 -475.0
5660.0 -1030.0 -1790.0
6022.0 -2480.0 -2712.0
6297.0 -4280.0 -2857.0
6435.0 -4842.0 -2677.0
6562.0 -3995.0 -2535.0
6582.0 -2557.0 -1780.0
6537.0 -1432.0 -287.0
6092.0 -1142.0 1875.0
5415.0 -2057.0 3427.0
4960.0 -3487.0 3857.0
4745.0 -4600.0 3755.0
4342.0 -5467.0 3570.0
4347.0 -6290.0 2940.0
4255.0 -7477.0 1775.0
3577.0 -7947.0 32.0
3617.0 -7895.0 -1372.0
3622.0 -7662.0 -2490.0
3410.0 -6970.0 -3555.0
3347.0 -5797.0 -4255.0
3195.0 -5995.0 -4245.0
3465.0 -7225.0 -3222.0
3367.0 -8010.0 -1417.0
3160.0 -7662.0 652.0
3367.0 -6010.0 2385.0
3872.0 -3865.0 3105.0
4517.0 -2527.0 2857.0
5082.0 -1572.0 2002.0
5312.0 -1087.0 1342.0
5440.0 -915.0 767.0
5367.0 -720.0 595.0
5342.0 -802.0 827.0
5522.0 -1887.0 1432.0
5725.0 -3820.0 1260.0
5547.0 -5395.0 530.0
5500.0 -5912.0 -390.0
5665.0 -5555.0 -1512.0
5675.0 -4727.0 -2310.0
5655.0 -4207.0 -2567.0
5705.0 -3312.0 -2535.0
5777.0 -3122.0 -2425.0
5572.0 -4125.0 -2607.0
5567.0 -5172.0 -2280.0
5650.0 -5530.0 -1462.0
5925.0 -4972.0 -277.0
6062.0 -4170.0 137.0
6102.0 -2992.0 252.0
5950.0 -1990.0 -152.0
5700.0 -1442.0 -752.0
5725.0 -1782.0 -1215.0
5827.0 -2337.0 -1412.0
5950.0 -2580.0 -1397.0
6000.0 -2725.0 -1060.0
6165.0 -3272.0 -812.0
6147.0 -4102.0 -965.0
5990.0 -4795.0 -1730.0
5495.0 -5137.0 -2682.0
4755.0 -4950.0 -3695.0
3390.0 -5182.0 -4612.0
1567.0 -6165.0 -4682.0
357.0 -7192.0 -3877.0
-512.0 -7675.0 -2697.0
-1092.0 -7617.0 -1407.0
-1250.0 -7235.0 52.0
-1027.0 -6712.0 1342.0
-572.0 -5680.0 2602.0
-395.0 -3665.0 3515.0
-650.0 -1490.0 3467.0
-787.0 -870.0 3110.0
-650.0 -2062.0 3467.0
-385.0 -4097.0 3412.0
57.0 -7287.0 1457.0
190.0 -8330.0 -657.0
297.0 -6687.0 -4295.0
420.0 -4925.0 -4905.0
410.0 -2067.0 -4522.0
22.0 47.0 -2752.0
-537.0 1162.0 682.0
-640.0 992.0 1265.0
-670.0 1035.0 -355.0
-537.0 -1395.0 -3805.0
-537.0 -4280.0 -4547.0
-500.0 -6655.0 -3862.0
-635.0 -7985.0 -1875.0
-635.0 -7830.0 237.0
-740.0 -5880.0 2617.0
-1107.0 -3467.0 3297.0
-1190.0 -2852.0 3322.0
-1390.0 -4387.0 2915.0
-1357.0 -6480.0 1595.0
-1160.0 -7700.0 -1322.0
-450.0 -5632.0 -4395.0
200.0 -3030.0 -4687.0
410.0 -775.0 -3745.0
135.0 967.0 -1830.0
-230.0 1397.0 335.0
-527.0 1185.0 1095.0
-562.0 1220.0 272.0
-220.0 -235.0 -3070.0
-415.0 -2542.0 -4315.0
-395.0 -4847.0 -4582.0
-252.0 -6372.0 -4160.0
-180.0 -7452.0 -3352.0
-82.0 -8227.0 -2047.0
160.0 -8282.0 -202.0
425.0 -7220.0 1810.0
557.0 -4650.0 3655.0
82.0 -4097.0 3705.0
-210.0 -5492.0 3040.0
-327.0 -7700.0 652.0
-205.0 -7715.0 -2925.0
12.0 -4595.0 -4845.0
362.0 -1782.0 -4385.0
165.0 440.0 -2495.0
-425.0 1142.0 -465.0
-630.0 1097.0 57.0
-395.0 1092.0 -635.0
-130.0 -47.0 -2880.0
17.0 -3505.0 -4652.0
-32.0 -6480.0 -4140.0
-220.0 -8127.0 -1402.0
-240.0 -7487.0 902.0
-175.0 -6417.0 2295.0
17.0 -5912.0 2767.0
-12.0 -7070.0 1645.0
-435.0 -7957.0 -1770.0
-920.0 -4877.0 -4155.0
-1047.0 -1635.0 -3417.0
-1002.0 -42.0 -2037.0
-752.0 855.0 -495.0
-430.0 1117.0 330.0
-485.0 932.0 1377.0
-135.0 477.0 2510.0
-77.0 322.0 2717.0
332.0 1170.0 1855.0
807.0 1572.0 -107.0
582.0 -120.0 -3165.0
390.0 -3025.0 -4537.0
220.0 -4717.0 -4647.0
-307.0 -5415.0 -4355.0
-955.0 -5700.0 -3832.0
-1405.0 -5757.0 -3412.0
-1022.0 -5260.0 -3977.0
-675.0 -3650.0 -4265.0
-577.0 -2305.0 -3967.0
140.0 -730.0 -3417.0
592.0 1112.0 -1297.0
930.0 1485.0 1307.0
1400.0 1287.0 1840.0
1645.0 792.0 2647.0
1017.0 -1225.0 3852.0
552.0 -2017.0 3917.0
502.0 -1650.0 3847.0
607.0 -265.0 3342.0
122.0 1045.0 1557.0
-710.0 745.0 -887.0
-1175.0 -700.0 -2480.0
-1430.0 -2527.0 -3402.0
-1220.0 -3632.0 -3842.0
-1097.0 -3805.0 -4007.0
-1200.0 -1467.0 -3135.0
-900.0 802.0 -92.0
-200.0 522.0 2370.0
200.0 -1485.0 3735.0
752.0 -4180.0 3705.0
1342.0 -6630.0 2360.0
1852.0 -8217.0 47.0
2107.0 -8377.0 -1235.0
2160.0 -8412.0 -1225.0
2057.0 -6717.0 2345.0
1292.0 -1412.0 3887.0
725.0 1467.0 942.0
347.0 895.0 -1730.0
17.0 -52.0 -2895.0
-135.0 -1680.0 -3917.0
-445.0 -3912.0 -4452.0
-587.0 -4320.0 -4380.0
-347.0 -2480.0 -4200.0
175.0 992.0 -1255.0
415.0 32.0 3130.0
532.0 -3002.0 3892.0
817.0 -6015.0 2885.0
1122.0 -8160.0 282.0
1307.0 -8300.0 -2222.0
960.0 -7535.0 -3735.0
1007.0 -7827.0 -3352.0
1112.0 -8092.0 395.0
1537.0 -3690.0 3842.0
1440.0 90.0 3272.0
1307.0 1640.0 1125.0
1140.0 1390.0 -1312.0
395.0 -1525.0 -4150.0
-450.0 -3365.0 -4420.0
-665.0 -2852.0 -4205.0
307.0 312.0 -2717.0
1332.0 1380.0 1870.0
1500.0 -1762.0 4022.0
1267.0 -5110.0 3427.0
847.0 -7580.0 1185.0
490.0 -8330.0 -1175.0
17.0 -7947.0 -2672.0
502.0 -8000.0 -2540.0
832.0 -8382.0 -1250.0
650.0 -7570.0 1427.0
627.0 -4092.0 3997.0
690.0 -832.0 3867.0
762.0 777.0 2632.0
945.0 1515.0 325.0
842.0 610.0 -2027.0
517.0 -342.0 -3005.0
587.0 285.0 -2355.0
802.0 1417.0 302.0
725.0 135.0 3392.0
592.0 -3412.0 4180.0
802.0 -6837.0 2330.0
930.0 -8382.0 -610.0
502.0 -7787.0 -2905.0
-190.0 -6272.0 -3942.0
-405.0 -5695.0 -4022.0
2.0 -6897.0 -3600.0
245.0 -7995.0 -2147.0
150.0 -7817.0 272.0
92.0 -5515.0 3035.0
435.0 -1007.0 3817.0
930.0 1360.0 1600.0
1027.0 1297.0 -955.0
990.0 57.0 -2910.0
890.0 -852.0 -3720.0
985.0 -425.0 -3417.0
1390.0 1085.0 -1645.0
1767.0 1622.0 1402.0
1352.0 -1055.0 4235.0
1012.0 -4185.0 4112.0
630.0 -7022.0 2027.0
140.0 -8087.0 -282.0
-12.0 -7617.0 -2767.0
-87.0 -6920.0 -3367.0
210.0 -7375.0 -3105.0
272.0 -8107.0 -1962.0
160.0 -7967.0 0.0
312.0 -4877.0 3695.0
862.0 -895.0 4092.0
965.0 667.0 2915.0
1430.0 1510.0 1595.0
1390.0 1587.0 595.0
787.0 1397.0 912.0
572.0 1257.0 445.0
500.0 1247.0 410.0
787.0 322.0 -2290.0
1180.0 -3117.0 -4702.0
1650.0 -6427.0 -4527.0
1940.0 -7710.0 -3670.0
2160.0 -8045.0 -3170.0
1797.0 -5952.0 -4752.0
1547.0 -430.0 -3277.0
1527.0 1535.0 672.0
1455.0 332.0 3550.0
1287.0 -2517.0 4557.0
930.0 -5752.0 3477.0
640.0 -7410.0 1725.0
375.0 -8145.0 -52.0
312.0 -8165.0 -1680.0
77.0 -7725.0 -2747.0
180.0 -7502.0 -3130.0
532.0 -8112.0 -2385.0
635.0 -8000.0 792.0
395.0 -6357.0 2822.0
322.0 -4202.0 3972.0
485.0 -2062.0 4295.0
905.0 -352.0 3812.0
1092.0 362.0 3372.0
1072.0 822.0 2827.0
1287.0 1485.0 1517.0
1500.0 1472.0 -182.0
1842.0 387.0 -2505.0
2185.0 -1917.0 -4365.0
2245.0 -4645.0 -4990.0
1817.0 -6727.0 -4380.0
1292.0 -7812.0 -3377.0
675.0 -7575.0 -3292.0
302.0 -6207.0 -4255.0
602.0 -4842.0 -4775.0
1007.0 -2042.0 -4285.0
1292.0 1180.0 -1010.0
1327.0 1225.0 2290.0
1337.0 -1025.0 4380.0
1505.0 -5187.0 4037.0
1087.0 -8222.0 570.0
537.0 -7890.0 -2812.0
562.0 -7270.0 -3535.0
675.0 -7440.0 -3515.0
685.0 -8370.0 -1605.0
720.0 -7307.0 2007.0
587.0 -4702.0 3942.0
527.0 -2595.0 4280.0
235.0 130.0 3065.0
-62.0 895.0 657.0
-362.0 -317.0 -2147.0
-367.0 -1800.0 -3482.0
67.0 -3095.0 -4300.0
762.0 -3567.0 -4702.0
1150.0 -2155.0 -4410.0
1527.0 -95.0 -3090.0
1602.0 1345.0 -642.0
1782.0 735.0 3242.0
1792.0 -390.0 4165.0
2140.0 -1490.0 4542.0
2635.0 -2682.0 4707.0
2920.0 -4107.0 4355.0
2812.0 -4935.0 4122.0
2812.0 -6490.0 3115.0
2705.0 -6450.0 3140.0
2220.0 -4465.0 4320.0
1455.0 -1102.0 4395.0
1037.0 1097.0 2355.0
857.0 1220.0 -147.0
1210.0 -150.0 -2860.0
1857.0 -2880.0 -4637.0
2405.0 -5632.0 -4800.0
2352.0 -7202.0 -4102.0
1490.0 -7957.0 -3085.0
502.0 -7710.0 -2885.0
-347.0 -5425.0 -3912.0
-807.0 -1810.0 -2980.0
-627.0 52.0 -1135.0
-362.0 305.0 2245.0
380.0 -1050.0 4057.0
1002.0 -2460.0 4517.0
1097.0 -3472.0 4502.0
1317.0 -2635.0 4572.0
630.0 545.0 2945.0
-87.0 222.0 -1487.0
185.0 -3340.0 -4155.0
612.0 -6510.0 -4017.0
940.0 -8460.0 -1502.0
817.0 -8310.0 -202.0
445.0 -8257.0 -697.0
-277.0 -7352.0 -2935.0
-195.0 -4372.0 -4230.0
32.0 -1480.0 -3392.0
-230.0 527.0 -832.0
-125.0 837.0 812.0
27.0 852.0 -380.0
-7.0 -1830.0 -3595.0
107.0 -4730.0 -4365.0
-175.0 -7147.0 -3100.0
-245.0 -7922.0 -1060.0
-507.0 -7617.0 182.0
-787.0 -7115.0 837.0
-1092.0 -6527.0 1185.0
-1405.0 -5720.0 1615.0
-1495.0 -5932.0 1205.0
-1047.0 -7167.0 -365.0
-332.0 -6887.0 -3222.0
-112.0 -3505.0 -4155.0
-582.0 -740.0 -2260.0
-650.0 477.0 692.0
-485.0 -167.0 2627.0
-582.0 -542.0 2945.0
-1002.0 -1940.0 3202.0
-1215.0 -1240.0 2552.0
-1135.0 -95.0 702.0
-802.0 -1550.0 -2742.0
-450.0 -4387.0 -3967.0
-660.0 -6165.0 -3327.0
-1210.0 -6620.0 -2167.0
-1435.0 -6552.0 -1015.0
-1650.0 -6267.0 -12.0
-1577.0 -6140.0 360.0
-1512.0 -6402.0 -1322.0
-1127.0 -4097.0 -3327.0
-930.0 -1240.0 -2285.0
-885.0 77.0 -147.0
-592.0 -125.0 2340.0
-547.0 -1320.0 3332.0
-752.0 -2822.0 3437.0
-915.0 -4032.0 3105.0
-852.0 -3210.0 3302.0
-465.0 -290.0 2642.0
-430.0 522.0 212.0
-650.0 -1515.0 -2822.0
-890.0 -4222.0 -3540.0
-812.0 -5962.0 -3165.0
-757.0 -7152.0 -1690.0
-862.0 -7095.0 -197.0
-985.0 -6087.0 1715.0
-867.0 -4945.0 2772.0
-842.0 -3825.0 3242.0
-1047.0 -4082.0 3040.0
-1220.0 -6460.0 817.0
-705.0 -4885.0 -3680.0
-455.0 -2255.0 -3382.0
-337.0 -760.0 -2410.0
-317.0 497.0 -420.0
-607.0 362.0 1442.0
-955.0 -512.0 2380.0
-1160.0 -1142.0 2607.0
-1000.0 -240.0 1997.0
-645.0 280.0 -302.0
-367.0 -1030.0 -2617.0
-72.0 -3100.0 -3937.0
82.0 -5892.0 -3912.0
-215.0 -7637.0 -1800.0
-490.0 -7312.0 545.0
-752.0 -6310.0 1870.0
-935.0 -5022.0 2722.0
-1307.0 -4010.0 2777.0
-1685.0 -3490.0 2465.0
-1750.0 -3525.0 2430.0
-1582.0 -4445.0 2285.0
-1822.0 -5855.0 307.0
-1440.0 -4377.0 -2870.0
-777.0 -2100.0 -3030.0
-440.0 -1065.0 -2607.0
-347.0 -125.0 -1690.0
-757.0 255.0 -550.0
-627.0 585.0 360.0
-527.0 692.0 1170.0
-817.0 507.0 1552.0
-782.0 -105.0 2127.0
-627.0 575.0 1665.0
-82.0 1330.0 -625.0
-165.0 -777.0 -3540.0
-495.0 -2662.0 -4315.0
-367.0 -4915.0 -4572.0
-797.0 -6780.0 -3332.0
-1135.0 -7352.0 -1367.0
-1250.0 -6247.0 1482.0
-1390.0 -3965.0 2837.0
-2037.0 -2812.0 2320.0
-2465.0 -2232.0 1750.0
-2362.0 -2780.0 1957.0
-2302.0 -4542.0 1467.0
-2297.0 -5922.0 -897.0
-1465.0 -3960.0 -3817.0
-772.0 -2047.0 -3922.0
-277.0 -290.0 -3145.0
-230.0 787.0 -1850.0
-507.0 1185.0 -157.0
-757.0 847.0 1200.0
-910.0 212.0 1860.0
-960.0 -265.0 2197.0
-617.0 235.0 2087.0
-140.0 1462.0 772.0
292.0 1107.0 -1997.0
282.0 -720.0 -3992.0
-175.0 -3642.0 -4830.0
-562.0 -6190.0 -4017.0
-1052.0 -7322.0 -1720.0
-1505.0 -6595.0 335.0
-1797.0 -4645.0 1840.0
-2240.0 -4020.0 1625.0
-2165.0 -4557.0 1437.0
-2127.0 -4527.0 1397.0
-2072.0 -4330.0 1705.0
-1970.0 -3737.0 2112.0
-1745.0 -1862.0 2495.0
-1505.0 -150.0 1850.0
-1612.0 42.0 1547.0
-1587.0 -1087.0 2540.0
-1307.0 -5055.0 2295.0
-872.0 -7517.0 -677.0
-862.0 -6630.0 -3492.0
-872.0 -4320.0 -4385.0
-767.0 -2160.0 -4102.0
-752.0 130.0 -2702.0
-955.0 782.0 -1452.0
-1255.0 750.0 -952.0
-1695.0 162.0 -1417.0
-2127.0 -1985.0 -2945.0
-2155.0 -3545.0 -3267.0
-2047.0 -4697.0 -3287.0
-1950.0 -5845.0 -2637.0
-2087.0 -6350.0 -1255.0
-2272.0 -5210.0 852.0
-2322.0 -3457.0 1795.0
-2372.0 -2037.0 1675.0
-2440.0 -1572.0 1260.0
-2505.0 -2425.0 1432.0
-2410.0 -5017.0 672.0
-2052.0 -6402.0 -1322.0
-1842.0 -4882.0 -3505.0
-1762.0 -1937.0 -3292.0
-1622.0 -85.0 -1937.0
-1390.0 585.0 -995.0
-1377.0 797.0 2.0
-1347.0 740.0 620.0
-1405.0 682.0 697.0
-1490.0 647.0 -555.0
-1807.0 -657.0 -2435.0
-1587.0 -2387.0 -3730.0
-1517.0 -3777.0 -4027.0
-1102.0 -6465.0 -3505.0
-1130.0 -7440.0 -985.0
-1215.0 -5957.0 1675.0
-1517.0 -3370.0 2747.0
-2317.0 -1355.0 2727.0
-2582.0 -817.0 2380.0
-1710.0 -1480.0 2837.0
-1017.0 -3975.0 3040.0
-675.0 -6315.0 1825.0
-405.0 -7912.0 -1230.0
-312.0 -6035.0 -4400.0
-252.0 -2735.0 -4637.0
-77.0 -85.0 -3327.0
-230.0 1015.0 -1932.0
112.0 1375.0 -1587.0
175.0 900.0 -2505.0
-52.0 -2715.0 -4880.0
-37.0 -6030.0 -4537.0
-67.0 -7880.0 -2597.0
-235.0 -7642.0 390.0
-480.0 -6140.0 2212.0
-1312.0 -4037.0 2692.0
-1705.0 -3177.0 2525.0
-1622.0 -2595.0 2617.0
-1675.0 -1617.0 2460.0
-1405.0 -2250.0 2865.0
-895.0 -5085.0 2567.0
-317.0 -7802.0 -217.0
612.0 -8055.0 -2895.0
1802.0 -6072.0 -4895.0
2617.0 -1882.0 -4507.0
2862.0 310.0 -2955.0
3052.0 1122.0 -1660.0
3062.0 1485.0 -1065.0
2735.0 1490.0 -1080.0
2097.0 1225.0 -1765.0
1367.0 410.0 -2767.0
720.0 -1467.0 -4107.0
52.0 -4832.0 -4537.0
-362.0 -7022.0 -3085.0
-287.0 -7827.0 -637.0
-130.0 -7210.0 1387.0
82.0 -4827.0 3570.0
-312.0 -3375.0 3780.0
-522.0 -2135.0 3655.0
-495.0 -2470.0 3760.0
-485.0 -5182.0 2975.0
-107.0 -7517.0 852.0
910.0 -8267.0 -2107.0
2007.0 -5942.0 -4815.0
2812.0 -2227.0 -4677.0
2955.0 -487.0 -3690.0
2425.0 -682.0 -3887.0
1185.0 -2635.0 -4742.0
92.0 -6180.0 -4135.0
-405.0 -7637.0 -1660.0
-695.0 -7250.0 400.0
-847.0 -4740.0 2935.0
-985.0 -2560.0 3257.0
-1312.0 -1782.0 2767.0
-1455.0 -1292.0 2295.0
-1455.0 -870.0 1927.0
-1255.0 -1020.0 2415.0
-1175.0 -2310.0 3165.0
-980.0 -5080.0 2525.0
-685.0 -7472.0 -742.0
-582.0 -7105.0 -3397.0
-112.0 -4342.0 -4990.0
272.0 -1552.0 -4542.0
475.0 585.0 -3467.0
367.0 1882.0 -2182.0
450.0 1515.0 -2702.0
155.0 -837.0 -4532.0
-170.0 -3412.0 -5065.0
-322.0 -5530.0 -4702.0
-190.0 -7647.0 -2960.0
-385.0 -7952.0 -1105.0
-910.0 -6867.0 965.0
-1185.0 -4997.0 2425.0
-1485.0 -3262.0 2777.0
-1607.0 -1995.0 2607.0
-1750.0 -860.0 2052.0
-1852.0 -580.0 1590.0
-1837.0 -900.0 1922.0
-1705.0 -2382.0 2622.0
-1635.0 -4982.0 2057.0
-1527.0 -6852.0 112.0
-847.0 -7507.0 -2345.0
-112.0 -6810.0 -3997.0
32.0 -5270.0 -4910.0
7.0 -2910.0 -4770.0
-327.0 -1035.0 -4042.0
-400.0 -232.0 -3125.0
-527.0 -77.0 -2707.0
-842.0 -550.0 -3070.0
-1380.0 -2172.0 -3700.0
-1527.0 -2987.0 -3902.0
-1602.0 -3560.0 -3977.0
-1755.0 -5137.0 -3535.0
-2027.0 -6030.0 -2490.0
-2705.0 -5582.0 -1327.0
-3077.0 -4682.0 -1562.0
-2842.0 -5017.0 -1987.0
-2640.0 -5497.0 -1855.0
-2675.0 -5607.0 -1685.0
-2650.0 -5550.0 -1537.0
-2857.0 -5065.0 -985.0
-2890.0 -4522.0 -435.0
-2807.0 -4402.0 -262.0
-2822.0 -4037.0 -212.0
-2867.0 -2780.0 -242.0
-2832.0 -2387.0 -67.0
-2852.0 -2792.0 312.0
-2510.0 -3617.0 1467.0
-1817.0 -5240.0 1547.0
-1890.0 -6170.0 520.0
-2532.0 -5665.0 -600.0
-2762.0 -4925.0 -970.0
-2872.0 -4630.0 -635.0
-2867.0 -3085.0 430.0
-2690.0 -1845.0 197.0
-2762.0 -1975.0 217.0
-2812.0 -2110.0 -52.0
-2812.0 -2197.0 -167.0
-2760.0 -2000.0 -405.0
-2602.0 -1505.0 -657.0
-2665.0 -1707.0 -575.0
-2782.0 -2165.0 -1020.0
-2867.0 -2915.0 -1272.0
-2900.0 -3442.0 -1297.0
-2867.0 -3985.0 -912.0
-2852.0 -4275.0 -635.0
-2862.0 -4290.0 -490.0
-2882.0 -4032.0 -420.0
-2885.0 -3917.0 -375.0
-2877.0 -4145.0 -415.0
-2670.0 -4872.0 -1517.0
-2425.0 -4352.0 -2622.0
-2587.0 -2895.0 -2167.0
-2632.0 -2482.0 -1895.0
-2617.0 -2687.0 -2012.0
-2505.0 -2537.0 -2197.0
-2597.0 -2502.0 -1962.0
-2567.0 -1990.0 -1600.0
-2405.0 -1855.0 -2062.0
-2460.0 -1732.0 -1905.0
-2772.0 -3555.0 -2087.0
-2685.0 -4107.0 -2460.0
-2730.0 -3660.0 -2102.0
-2852.0 -3185.0 -1670.0
-2700.0 -2377.0 -1720.0
-2537.0 -1630.0 -1567.0
-2527.0 -1307.0 -1220.0
-2450.0 -1055.0 -535.0
-2322.0 -775.0 -330.0
-2042.0 -545.0 -1932.0
-1307.0 -1845.0 -3660.0
-425.0 -4175.0 -4627.0
480.0 -6310.0 -4425.0
1077.0 -7250.0 -3877.0
1230.0 -7575.0 -3640.0
2287.0 -7362.0 -3755.0
3455.0 -7095.0 -3630.0
3857.0 -6915.0 -3520.0
3617.0 -6727.0 -3800.0
2660.0 -6635.0 -4447.0
2532.0 -6102.0 -4770.0
2005.0 -5670.0 -5122.0
1342.0 -5200.0 -5247.0
1740.0 -5055.0 -5342.0
1985.0 -4930.0 -5397.0
2132.0 -4780.0 -5400.0
