1954.933098 ,-2141.922759 ,-6542.997258
1944.032394 ,-2142.530705 ,-6587.257518
1911.644918 ,-2034.150381 ,-6544.161485
1788.916820 ,-1366.159533 ,-6523.030193
1685.781922 ,-717.910590 ,-6290.448081
1693.939387 ,-611.143347 ,-6235.995350
2157.202950 ,-1510.897962 ,-6467.555931
3026.250165 ,-4336.567476 ,-6200.362687
3442.583452 ,-6259.250478 ,-4564.005415
3482.684141 ,-6941.143923 ,-2337.827607
3234.910055 ,-6664.708912 ,167.190637
3095.303206 ,-5788.612127 ,1939.257385
2993.829789 ,-4568.302272 ,3578.193263
2714.926638 ,-3034.021631 ,4673.343192
2700.618761 ,-1191.422676 ,5560.424276
2532.543247 ,834.151966 ,5881.775197
2150.288791 ,2017.956644 ,5678.529154
1810.846182 ,3074.076675 ,5308.846470
1295.877089 ,4233.961107 ,4249.041525
987.554759 ,5108.307463 ,2196.413555
979.394264 ,5114.513521 ,298.383008
918.349110 ,4962.227368 ,-386.652194
884.584991 ,5248.950937 ,1306.439792
827.830579 ,4236.846081 ,4311.621262
1382.163491 ,1278.524422 ,5877.746464
2039.963869 ,-2142.218022 ,5249.215428
2760.154515 ,-5377.796442 ,2496.008156
3148.812600 ,-6608.397419 ,322.343083
3399.679881 ,-6918.645334 ,-949.292576
3614.453455 ,-6948.663089 ,-1526.938916
3922.464392 ,-6913.005079 ,-1784.239906
4049.185643 ,-6869.359044 ,-2267.220032
4329.977659 ,-6719.296779 ,-3048.389037
4589.712801 ,-6389.782944 ,-3896.462027
4661.422655 ,-5594.396589 ,-5147.571935
4172.561133 ,-4214.094920 ,-6229.789997
3800.852682 ,-1357.108157 ,-6363.097890
3595.590694 ,-2.836874 ,-5999.143737
3032.484656 ,1583.921929 ,-5154.043363
2513.524959 ,3931.950264 ,-2777.557835
2207.487245 ,4944.051364 ,-663.973003
2089.353599 ,5212.720981 ,1008.313336
1704.037434 ,5219.723063 ,1645.527265
1324.721683 ,5235.774605 ,1954.126383
1501.089218 ,4762.647226 ,-1224.406866
2354.366300 ,2337.470853 ,-4593.121082
2997.034807 ,-637.000077 ,-6349.675248
3166.111085 ,-3012.718423 ,-6587.804404
3161.438212 ,-5172.830556 ,-5873.597559
2746.544362 ,-4402.643450 ,-6250.859522
2556.284528 ,-4473.457377 ,-6304.453303
3702.429395 ,-5973.956441 ,-5225.059026
6404.961786 ,-2986.814744 ,-5613.780290
4526.417577 ,704.634823 ,-5870.981876
1527.742172 ,-3863.165001 ,-6988.323108
1093.661770 ,-3972.020743 ,-6776.609300
1182.080797 ,-3657.897704 ,-6937.928777
1291.058596 ,-3608.167261 ,-6916.815836
629.075425 ,-3636.478872 ,-6698.626771
898.458289 ,-3476.192127 ,-6835.605797
2578.331523 ,-4110.049025 ,-6874.697514
2912.640685 ,-4549.368702 ,-6554.518356
2355.228047 ,-4426.007857 ,-6436.357312
2606.507727 ,-5636.969779 ,-5697.171127
2490.834996 ,-6858.674062 ,-3725.683971
1568.179989 ,-6303.534318 ,954.398617
1264.506381 ,-4824.035595 ,3163.334728
1344.205747 ,-2825.301252 ,4893.777912
1437.862642 ,-292.278843 ,5795.220970
1469.804803 ,1962.803705 ,5730.738462
1137.245903 ,3312.063562 ,5097.187832
1029.778025 ,3713.125235 ,4812.828145
1228.165748 ,2373.510959 ,5600.191611
1566.965532 ,-935.467759 ,5704.673222
2176.439155 ,-4812.605588 ,3210.310429
2619.038414 ,-6997.231419 ,-1262.861338
2549.393356 ,-6404.741636 ,-4664.726238
2141.125994 ,-4436.628894 ,-6359.636882
1932.456268 ,-1372.587424 ,-6629.892482
1442.720503 ,1131.157390 ,-5570.206801
1280.281819 ,2916.800576 ,-4036.818050
656.436422 ,4676.000745 ,-1136.071893
209.514927 ,5029.787223 ,1528.542100
75.464554 ,4475.091771 ,3739.413239
192.329395 ,3696.903627 ,4689.341819
434.571306 ,3719.193343 ,4669.447396
1121.538706 ,5173.116004 ,847.502544
2516.489544 ,2446.655121 ,-4607.336149
3143.087921 ,-2209.618338 ,-6743.574274
3303.057275 ,-5506.139962 ,-5709.021402
2818.305864 ,-7111.493199 ,-1993.313317
2209.076529 ,-5611.602514 ,2352.942937
1769.225255 ,-2763.763152 ,4971.208814
1398.570676 ,830.967810 ,5918.814052
1345.571570 ,1221.663582 ,5813.237897
1886.335400 ,-847.961052 ,5735.511359
2503.679026 ,-4100.502083 ,3929.238589
3054.193604 ,-6983.933324 ,-914.785466
3371.239405 ,-7021.007277 ,-3021.214156
3528.499797 ,-5429.991224 ,-5881.921150
3994.919892 ,-1371.662219 ,-6522.868077
3463.604575 ,2582.503963 ,-4234.773997
2339.246242 ,4866.718029 ,-258.176403
1058.673971 ,4938.480714 ,3035.438063
713.286619 ,3991.672960 ,4536.106455
781.085666 ,2799.436965 ,5441.233503
1289.999801 ,3734.481928 ,4734.974140
2303.091273 ,5084.981131 ,1101.302691
3060.965259 ,2844.536630 ,-4091.325516
3761.770679 ,-2152.014504 ,-6723.593268
3836.762187 ,-4763.178304 ,-6394.813330
3622.940470 ,-6542.909007 ,-4656.335750
3480.033077 ,-7165.271245 ,-1683.049971
3312.834673 ,-5742.616687 ,2286.693146
3026.384525 ,-2379.397720 ,5141.030177
2473.240937 ,176.586656 ,5924.311732
2225.394244 ,1655.828341 ,5793.304482
2408.618324 ,1004.765350 ,5847.236607
3066.661497 ,-1630.396979 ,5386.471426
3833.270651 ,-4512.247768 ,3459.647712
4093.735331 ,-6124.227242 ,1315.001309
4068.465965 ,-7096.128589 ,-1712.639188
4187.462198 ,-4929.524056 ,-6236.314544
4061.027284 ,-2504.408505 ,-6688.447108
3732.954175 ,-211.443989 ,-6174.070993
3217.299664 ,3153.798741 ,-3694.405270
2663.404181 ,5085.548868 ,959.552683
2650.452587 ,4028.082288 ,4257.312404
2702.067035 ,2053.704859 ,5604.370898
2760.264527 ,1398.974769 ,5830.460875
2755.774492 ,2896.171653 ,5188.814151
2893.140031 ,4927.500635 ,1987.468814
3718.765226 ,3970.695649 ,-2114.886961
4802.865449 ,-185.120325 ,-5809.381901
5087.293834 ,-3163.360196 ,-6392.287298
4011.013108 ,-5389.070050 ,-5928.144896
3021.189590 ,-7079.227715 ,-3327.787152
2256.617213 ,-6342.356312 ,1163.653062
2130.719506 ,-4492.005177 ,3832.132247
1943.520682 ,-1905.489585 ,5464.564096
2409.793244 ,-2494.496663 ,5201.780738
3374.700479 ,-6750.262275 ,380.035213
3893.742617 ,-6609.550641 ,-4648.437694
4321.637949 ,-2168.247361 ,-6608.718007
3342.463136 ,3659.847965 ,-2973.551685
3175.435168 ,4673.124711 ,2695.556436
3696.451469 ,3295.317208 ,4509.457544
3666.129910 ,2719.482985 ,4987.136083
3931.501146 ,4316.963359 ,2868.504969
4517.405742 ,3136.911858 ,-3036.797953
4814.949357 ,-408.684290 ,-6008.762343
4531.788668 ,-3972.395699 ,-6485.348631
3770.796053 ,-6268.414617 ,-5148.457666
2733.174718 ,-7236.050083 ,-2224.253669
2505.290561 ,-6149.195033 ,1789.188722
2743.195956 ,-4489.661263 ,3799.407198
3125.248634 ,-5150.263246 ,2986.424060
3434.515127 ,-7193.841947 ,-3016.620979
3227.739002 ,-4171.821754 ,-6545.199006
3287.873443 ,-260.341643 ,-6352.334064
3199.730031 ,3274.877906 ,-3450.029148
2742.637218 ,5037.980074 ,725.933797
2533.082342 ,4150.029222 ,4218.299994
2578.719202 ,2876.163322 ,5251.249165
2577.483815 ,2755.302700 ,5403.764254
2325.043026 ,3875.045806 ,4661.409563
2635.887591 ,4948.134568 ,114.670330
3712.938621 ,1784.345778 ,-4914.456423
3692.729574 ,-3004.918220 ,-6732.200272
2566.812305 ,-6718.928499 ,-4217.639419
1687.789265 ,-7001.887404 ,-2274.788343
1594.937702 ,-6530.793748 ,497.024820
1953.924632 ,-5007.843222 ,3127.916155
2308.364723 ,-4919.692031 ,3297.786892
3073.342425 ,-6965.750683 ,-863.806778
3000.353304 ,-6623.982724 ,-4415.808631
2363.196649 ,-3507.300321 ,-6578.885286
1371.197005 ,1488.581575 ,-5202.353710
622.174722 ,4631.522010 ,-1111.029514
312.926277 ,5099.092231 ,1402.721562
822.848574 ,4537.879762 ,3895.518921
1341.524499 ,3368.250944 ,5213.516772
1338.369674 ,4671.758666 ,3545.680215
1734.118406 ,4822.367645 ,-933.059933
2369.252610 ,2333.959524 ,-4663.811665
2717.472574 ,-965.852064 ,-6434.897391
2661.579659 ,-3478.533793 ,-6632.245606
2786.260461 ,-5675.866500 ,-5538.785086
2902.717094 ,-6905.154000 ,-3426.091326
2840.139186 ,-6896.409118 ,-700.828527
2989.016921 ,-6010.549460 ,1689.022734
3055.946819 ,-6050.232943 ,1628.097305
3093.444439 ,-6969.119290 ,-1099.031387
2629.268481 ,-5991.687262 ,-5120.444356
2056.471801 ,-2622.416875 ,-6569.585137
1216.829832 ,1123.382455 ,-5363.034582
440.903853 ,3700.867460 ,-2756.003632
359.828041 ,4491.629847 ,-1247.511037
110.303148 ,4704.969856 ,-471.156222
217.513390 ,4939.821442 ,533.811859
554.000114 ,5058.539976 ,1113.080281
1202.187409 ,4655.601083 ,-1071.847506
2106.714110 ,2177.665568 ,-4752.444933
3168.226372 ,-1579.386808 ,-6496.715380
3461.457674 ,-3503.532540 ,-6465.655551
2795.429729 ,-5601.131747 ,-5434.524644
2941.079203 ,-6601.122025 ,-4047.375790
3425.931596 ,-6984.154914 ,-2503.122575
3729.287687 ,-6877.237993 ,-1706.574378
3563.373061 ,-6843.837889 ,-3375.500639
2262.901233 ,-5269.231619 ,-5736.695790
2040.597241 ,-1444.129530 ,-6467.759537
3088.676656 ,10.129800 ,-5905.630290
3339.292993 ,328.549947 ,-5660.555054
2648.192965 ,2285.571458 ,-4375.220769
2249.029404 ,4757.458182 ,-329.140933
2351.813845 ,4847.151468 ,2624.174949
3993.663057 ,2968.979774 ,4348.090012
4066.899435 ,2289.957707 ,4746.120745
3124.520033 ,3921.725136 ,3802.275718
2195.305410 ,5083.576653 ,802.805833
2110.539615 ,3789.793065 ,-2954.107442
1946.299608 ,225.115584 ,-6004.628346
1535.580460 ,-2763.807091 ,-6459.378841
588.953527 ,-4642.743271 ,-5398.626840
-670.414201 ,-5414.706044 ,-3071.882224
-850.780986 ,-5455.937686 ,-2462.190871
-41.483724 ,-3709.887558 ,-5434.372747
978.988944 ,-73.672122 ,-5909.538768
1330.165294 ,3615.757277 ,-3032.770092
1930.595541 ,5034.256745 ,315.365775
2894.287546 ,4491.797196 ,3256.480490
3937.327817 ,3085.002563 ,4347.643249
4105.167427 ,2314.099511 ,4841.278551
3909.992107 ,2306.074260 ,4860.132424
3670.266851 ,3691.200156 ,3935.564175
3553.993213 ,4616.054201 ,1037.466416
3632.398740 ,3754.132262 ,-2227.974751
3884.654747 ,1704.334942 ,-4748.333139
3995.001442 ,-1187.530921 ,-6216.967735
4241.950086 ,-3588.441901 ,-6197.328465
4350.011404 ,-4825.102076 ,-5668.414436
4304.718452 ,-5600.907399 ,-5104.260299
4185.891714 ,-5989.567967 ,-4729.229735
4318.647347 ,-5433.704962 ,-5385.527757
4387.451697 ,-3438.620104 ,-6219.763855
4866.769153 ,-916.978633 ,-5760.751643
4706.154105 ,1832.860354 ,-4097.966100
3752.606588 ,3377.344728 ,-3028.773571
4074.351913 ,3841.642812 ,-999.608453
4679.545679 ,3282.386277 ,1017.418657
4727.200542 ,2800.230812 ,1718.815654
4591.009409 ,2766.671387 ,2085.236785
4237.312602 ,2283.939065 ,2975.598152
4356.848472 ,-457.160642 ,3400.284953
4267.785850 ,-3097.851690 ,2628.694629
4441.070460 ,-3339.433217 ,2340.578463
4647.359866 ,-684.719584 ,3198.013202
4721.953343 ,2244.766925 ,2327.628479
4402.083067 ,3589.015298 ,412.943276
4364.982325 ,3534.337509 ,-1507.940268
4126.490402 ,3031.942367 ,-3221.354965
3719.007356 ,1302.295378 ,-5432.349935
3260.063381 ,-817.849507 ,-6583.807314
3339.430413 ,-3454.263170 ,-6717.308524
3244.026538 ,-5895.017439 ,-5270.974713
3239.460156 ,-6667.583839 ,-3352.322140
3471.512945 ,-6546.794977 ,-3574.836125
3681.551518 ,-4659.635702 ,-6245.929717
4073.430312 ,-1448.121984 ,-6543.418001
4393.009725 ,-72.178066 ,-5836.580202
4521.583915 ,2067.107178 ,-4058.201542
4373.184312 ,3591.258598 ,-1327.824016
4445.019954 ,3552.594366 ,321.064286
4633.675772 ,2902.467632 ,1757.327827
5024.507856 ,1007.902890 ,2841.244226
4850.851189 ,1094.830551 ,2951.922951
4829.252491 ,370.839664 ,3143.789868
4811.995429 ,-66.318180 ,3128.988157
4972.556071 ,-857.170394 ,2930.285358
5027.125886 ,-1606.046487 ,2732.708029
5147.790543 ,-2982.102317 ,2053.490856
5235.500993 ,-4405.441794 ,665.251641
4955.812830 ,-5918.700599 ,-1919.478433
4457.181890 ,-5120.157482 ,-5372.673616
4248.356798 ,-4107.499337 ,-6164.817520
4325.962297 ,-4446.515868 ,-6070.972588
4415.556233 ,-6125.570589 ,-3833.050187
4097.169819 ,-5699.899494 ,-69.235828
3249.325038 ,-2151.068154 ,3686.648328
2925.344607 ,1114.030066 ,4394.334524
2832.548081 ,3699.257583 ,3058.630428
2840.806015 ,4662.345744 ,1393.743521
3061.016375 ,4633.519494 ,-874.865097
3161.771910 ,3940.693409 ,-2785.746399
3099.917462 ,3176.133873 ,-4023.607532
2874.241748 ,2542.991208 ,-4834.827822
3140.579286 ,3339.721433 ,-3698.097904
3632.755080 ,4403.465543 ,-121.889928
3776.955117 ,3689.297580 ,2137.968050
3942.798753 ,2734.052404 ,2930.989948
4042.135056 ,1696.054154 ,3422.577220
3945.187874 ,-178.057449 ,3784.173362
3847.510381 ,-3058.893163 ,2806.927013
3820.945988 ,-5164.106450 ,958.872944
3875.767354 ,-6360.803424 ,-1527.577115
3495.970490 ,-5941.869283 ,-5108.862554
2807.117937 ,-3500.711358 ,-6956.336230
2305.631035 ,-666.043544 ,-6875.938575
1942.377883 ,2442.391157 ,-5193.908835
2289.145599 ,3871.981770 ,-3418.319957
2485.267943 ,3785.583455 ,-3459.636635
2337.065676 ,1002.600930 ,-6168.484181
3216.515595 ,-4733.387010 ,-6316.108079
3311.223313 ,-6609.973641 ,-1985.461696
3065.701342 ,-4630.306233 ,2057.394555
2812.342425 ,931.450304 ,4410.731149
2754.443123 ,3320.190876 ,3566.452170
2692.174611 ,4553.490116 ,1993.647177
2402.815660 ,5045.249427 ,319.394072
2384.625490 ,5033.718035 ,-362.097283
2518.705826 ,4988.477663 ,511.098303
3207.705150 ,3247.970918 ,3368.131473
3573.325014 ,-1115.223263 ,3954.538488
3609.052927 ,-4497.476675 ,1923.216405
3732.987744 ,-6364.232590 ,-991.690304
3856.913324 ,-6297.032078 ,-4285.848118
3543.950224 ,-3953.379678 ,-6554.250730
2961.648726 ,-906.286624 ,-6882.940772
2296.562609 ,2046.716179 ,-5610.592124
1924.492094 ,4025.300619 ,-3532.223514
1719.956880 ,4259.535210 ,-3214.035835
1967.785219 ,1724.552982 ,-5719.450209
2793.838182 ,-3954.613905 ,-6742.505924
3380.064534 ,-6584.439606 ,-4022.946083
3701.740239 ,-6233.144375 ,-731.224170
3834.634976 ,-3477.097289 ,2722.568566
4005.738947 ,-754.433163 ,3736.445272
3922.932142 ,1359.795856 ,3675.867496
3690.535515 ,3327.273962 ,2669.596390
3183.141534 ,4630.434578 ,228.280780
3219.558493 ,4656.085725 ,183.393382
3375.278503 ,4091.286087 ,2088.808117
3653.106974 ,1527.103737 ,3847.311793
3606.017095 ,-2359.585620 ,3491.796944
3203.501496 ,-5291.199834 ,1271.515853
3113.382228 ,-6489.496243 ,-810.151978
2753.890944 ,-6868.915368 ,-3228.815893
1953.914653 ,-5558.624580 ,-5968.644977
1761.108039 ,-5008.210913 ,-6475.583875
910.068989 ,-2406.694959 ,-7127.127292
280.374360 ,435.986301 ,-6493.079586
1197.556892 ,-1690.744078 ,-7111.378582
2984.928027 ,-6365.138051 ,-4862.357825
3040.698033 ,-6915.773106 ,-2802.818369
3384.708059 ,-6417.134099 ,-589.694773
3922.170515 ,-4523.835871 ,2052.190482
3937.201883 ,-3127.990974 ,2999.056267
3488.334629 ,-700.582797 ,4133.718279
3751.794444 ,385.644489 ,4039.675567
4152.955221 ,2480.913389 ,3106.332252
4219.269559 ,3989.361193 ,362.926149
4466.943337 ,3359.792931 ,-2405.514090
3456.727072 ,2390.905193 ,-4891.111449
3526.795447 ,2544.528435 ,-4687.961821
3295.918955 ,4355.022816 ,-1841.608699
3087.625152 ,4476.358246 ,1799.596157
1896.842059 ,2671.410886 ,4406.325063
1595.545432 ,-297.612659 ,4812.577721
1647.844775 ,-3260.546841 ,3524.279042
1752.800842 ,-5572.698068 ,1175.359826
1193.275702 ,-6714.472697 ,-1365.482910
320.528517 ,-6257.439047 ,-4423.432988
54.156121 ,-3650.005758 ,-6769.459010
561.399780 ,-1227.351037 ,-7131.585468
2283.832738 ,-519.268038 ,-6952.886109
2947.473478 ,228.433228 ,-6606.866624
2910.432126 ,810.196347 ,-6340.561814
3140.457824 ,1577.580625 ,-5814.002153
3817.189964 ,44.544556 ,-6288.878448
4898.170859 ,-3359.457628 ,-6240.083966
5103.654877 ,-4939.994262 ,-5100.831314
5106.235850 ,-5903.251131 ,-2726.591718
4821.828982 ,-5537.473568 ,-618.596866
4059.454122 ,-2565.998125 ,3046.660692
3577.315630 ,-787.541286 ,3965.926506
4184.945300 ,1143.475796 ,3564.116495
3622.691873 ,3162.521900 ,2969.280553
4290.061071 ,3509.359577 ,1691.807586
4242.829968 ,3842.260135 ,-1559.371123
4008.521683 ,3065.546615 ,-3755.283546
3482.871388 ,1526.120278 ,-5648.645066
3161.551407 ,-861.796730 ,-6949.086238
3886.902644 ,-1425.002538 ,-6759.474424
4429.889578 ,2047.504191 ,-4505.669238
4515.511046 ,3504.385026 ,-2163.752374
4154.489831 ,4009.220317 ,990.090737
3812.931673 ,2673.414629 ,3400.734119
3609.241542 ,692.656077 ,4165.990929
3919.163289 ,-1270.873254 ,3772.094476
4878.827868 ,-3931.433012 ,1738.420223
6013.415339 ,-5047.828702 ,-1375.620213
6315.502062 ,-4585.214161 ,-2923.744781
6624.773743 ,-3732.877833 ,-3630.193443
6616.517693 ,-2182.933655 ,-4209.976523
6522.815283 ,-650.528742 ,-4000.138583
6374.168812 ,-424.589258 ,-3980.955544
6515.338387 ,-2070.838387 ,-4616.827175
6134.655277 ,-4927.600802 ,-3436.976002
5383.771240 ,-5559.817044 ,-864.595020
4872.437674 ,-3065.691104 ,2571.790614
4304.573913 ,932.632251 ,3641.977672
4198.032278 ,2547.276513 ,3151.784282
4060.464971 ,4173.325357 ,1119.986131
4225.624211 ,3803.231996 ,-2162.862646
4132.056583 ,2858.170202 ,-3925.891978
3942.117465 ,-146.483693 ,-6506.102188
4164.849591 ,-2260.731287 ,-6766.103864
4128.021619 ,-761.340938 ,-6512.145402
4012.397020 ,3229.156846 ,-3516.485793
3057.670576 ,4655.506540 ,1702.392891
3066.203328 ,2997.032019 ,3716.891839
4688.477699 ,-652.052731 ,3376.198487
5904.853656 ,-3940.981366 ,697.874542
6349.926459 ,-4801.374738 ,-2483.962619
6229.384266 ,-3709.380759 ,-4584.784471
5965.487787 ,-2780.826734 ,-5257.034270
5747.563025 ,-2146.525801 ,-5537.221357
5516.445425 ,-2578.600280 ,-5834.074967
5025.724929 ,-2541.261956 ,-6234.614007
4410.279710 ,-871.108607 ,-6365.979734
4784.798028 ,-3422.836879 ,-6321.418781
4826.292829 ,-6280.298391 ,-2093.588463
4252.626234 ,-4790.659937 ,1665.023258
3573.976764 ,-1173.443698 ,4082.436085
2929.425410 ,3393.571558 ,3588.782398
2932.240080 ,4497.242377 ,2242.461893
2685.741026 ,5024.892993 ,-94.503074
2828.289948 ,4262.957820 ,-2833.572122
3297.306409 ,2252.666763 ,-5276.822031
3798.593595 ,-351.711968 ,-6521.356066
3858.015430 ,-242.523250 ,-6453.207657
3736.445458 ,3310.838360 ,-3517.315601
3696.121648 ,4451.111157 ,17.867834
4300.104797 ,1975.483758 ,3341.127120
4705.549582 ,-646.352466 ,3407.693858
4807.731278 ,-3195.759725 ,2295.391349
4990.510892 ,-5761.017994 ,-807.816963
5141.376785 ,-5708.172001 ,-3746.593861
5088.437338 ,-3897.770464 ,-5917.391395
4431.421097 ,-2154.681954 ,-6481.872298
4159.803695 ,-1298.531186 ,-6532.070078
4075.261706 ,-225.410236 ,-6217.630786
4232.185642 ,356.936897 ,-5835.339566
4453.036235 ,411.594507 ,-5653.350391
5184.879647 ,-2352.948522 ,-5968.180789
5936.618962 ,-4747.313868 ,-4080.349022
5709.194374 ,-4723.456171 ,-94.095057
4652.219467 ,-2751.948995 ,2753.128057
3089.415854 ,136.706740 ,4443.796203
2093.593306 ,2389.887833 ,4453.691597
1682.282115 ,3782.253574 ,3738.866775
1910.005113 ,4822.538821 ,2281.016014
1676.065952 ,5313.773756 ,613.848036
1617.276468 ,5184.101280 ,-977.676500
1655.441101 ,4754.899665 ,-2251.621852
1780.335048 ,3174.150699 ,-4681.240097
3063.627789 ,-771.613579 ,-6741.388808
4046.213717 ,-3016.186835 ,-6667.726794
4362.514479 ,-3948.650992 ,-6351.551069
4137.179295 ,-3846.333070 ,-6442.505765
3619.344743 ,-2900.313592 ,-6828.052726
3182.633448 ,-1043.245391 ,-6761.206955
2438.388918 ,2577.459557 ,-5010.462712
2133.913969 ,4585.901122 ,-2413.396983
2426.695289 ,5061.724984 ,692.523241
2466.386400 ,3489.475568 ,3645.548706
2391.570387 ,-307.424802 ,4595.027953
3298.436391 ,-4230.025793 ,2267.708029
4303.246109 ,-5342.997720 ,507.387665
4502.171470 ,-5601.338282 ,-117.264848
4363.415574 ,-4156.978828 ,1929.584100
4121.444601 ,-644.448489 ,3781.116790
3610.673513 ,2366.760505 ,3625.931777
2907.103388 ,4546.656656 ,1935.398675
2356.043153 ,4680.127173 ,-1866.919800
2765.287054 ,2211.149841 ,-5148.724502
3471.962755 ,-373.060690 ,-6492.292986
3728.212759 ,-2578.827190 ,-6718.384703
3982.138245 ,-4051.289878 ,-6368.180749
4004.966909 ,-4564.839730 ,-6166.549354
4059.989243 ,-2542.069093 ,-6559.771426
3472.269006 ,1210.562898 ,-5599.504188
2360.970713 ,4784.400164 ,-1315.521909
2108.736210 ,4998.019084 ,1528.912394
2196.190006 ,4206.018447 ,2934.198339
1944.014155 ,2330.600568 ,4373.686802
1901.509414 ,-254.305696 ,4600.208685
2639.476132 ,-3062.101265 ,4008.436134
3484.273684 ,-4245.145660 ,2796.240376
3872.158252 ,-5273.865404 ,1571.310221
4260.205087 ,-6231.327730 ,-618.216827
4364.867624 ,-6487.689525 ,-2675.703253
4397.714660 ,-6503.826824 ,-3085.081630
4522.105256 ,-6372.220600 ,-1424.284693
3924.217947 ,-5204.113041 ,1699.473797
4026.528694 ,-3139.544921 ,3406.006964
4106.386701 ,-1719.639973 ,4001.197429
3636.667533 ,763.416931 ,4483.574431
2511.553909 ,2565.204135 ,4579.949334
1448.752564 ,3029.063733 ,4647.638375
1169.008715 ,3074.501593 ,4702.996496
1646.008857 ,2017.893945 ,5022.285244
1612.253075 ,423.387498 ,5171.208151
3004.066589 ,-2423.206896 ,4127.254737
4260.267417 ,-4591.400870 ,2083.334831
4424.143196 ,-6032.141721 ,-374.493219
3875.475667 ,-6645.795269 ,-2814.305855
3806.208136 ,-6073.705585 ,-4620.362905
3316.325761 ,-3767.424285 ,-6552.998351
3010.911212 ,-424.669062 ,-6355.407669
2827.029570 ,1957.844728 ,-4968.525753
2739.006611 ,3210.733156 ,-3836.005720
2633.726819 ,2830.423080 ,-4336.481498
2223.586986 ,500.177695 ,-6099.606569
2644.348920 ,-3409.519234 ,-6654.738519
3204.035278 ,-5918.783982 ,-4923.925238
3475.089729 ,-6240.433118 ,-112.452459
3540.834123 ,-4197.590196 ,2917.105371
3682.226032 ,-2032.819107 ,4227.064746
4152.005400 ,678.502229 ,4230.532734
4386.472182 ,1769.735130 ,3675.091457
4499.675489 ,267.426980 ,4058.162515
4989.626256 ,-2269.174862 ,3347.712051
5703.954190 ,-5269.071918 ,-93.990421
5815.407091 ,-5216.291164 ,-3853.319222
5178.661074 ,-2700.057447 ,-5665.458270
4901.554415 ,-616.245871 ,-5366.519934
4716.498129 ,816.951607 ,-4672.991154
4450.415381 ,2449.722536 ,-3182.354157
4692.863358 ,2808.783052 ,-2200.385555
5029.295285 ,2548.060355 ,-2207.830882
4939.529603 ,1887.497038 ,-3415.638460
5300.327036 ,-1021.170109 ,-5412.930947
5424.377332 ,-4956.402022 ,-4653.213607
5121.885069 ,-6185.624191 ,-1721.515495
4907.236313 ,-4110.389123 ,2272.721843
4612.979010 ,-930.085291 ,3933.356607
4123.829790 ,2173.272076 ,3640.543546
3519.724542 ,4008.183134 ,1915.512234
3723.372173 ,3979.381419 ,1529.398922
3937.673280 ,2773.357403 ,3381.048016
3997.257202 ,-1607.615962 ,4117.015192
4683.219683 ,-5411.476479 ,972.894718
5125.035548 ,-6242.808016 ,-2063.832733
5316.741328 ,-5274.331306 ,-4616.267190
5142.358016 ,-3204.520689 ,-5764.823109
4665.038726 ,-174.855100 ,-5464.301744
4868.373605 ,1006.447526 ,-4569.371886
5236.925370 ,-332.587026 ,-5172.587693
5226.362243 ,-3688.726525 ,-5618.953806
4965.292952 ,-5879.012438 ,-4069.195972
4783.254767 ,-6174.142553 ,-620.600879
4575.343586 ,-4315.644649 ,2352.830306
4423.420822 ,-1711.313613 ,3918.475771
4468.821139 ,214.054778 ,4076.409779
4795.807033 ,1288.843176 ,3606.551394
4994.994163 ,1149.073381 ,3410.357559
5260.036484 ,-1400.963619 ,3318.405674
5527.398850 ,-4485.526908 ,1404.634813
5641.746309 ,-5902.218500 ,-1966.854784
5519.588261 ,-4768.116101 ,-4902.000225
5147.262400 ,-2080.263229 ,-5868.170857
4639.533999 ,28.168389 ,-5373.508266
4506.769397 ,987.431964 ,-4806.657095
4563.148553 ,1417.185127 ,-4487.596135
4497.890237 ,2361.727544 ,-3480.062258
4771.848115 ,2325.831974 ,-3260.948440
5061.941792 ,-29.973909 ,-5219.926008
5514.600925 ,-4224.207830 ,-5159.212526
5730.443054 ,-5838.675247 ,-2120.427567
5740.620881 ,-4320.629880 ,1273.480284
5636.942323 ,-1264.316472 ,3085.332662
5353.545761 ,1853.299391 ,2697.087998
5201.261067 ,2741.733757 ,1803.162105
5200.268286 ,2718.009330 ,1700.426915
5713.321754 ,1030.261325 ,2688.223811
6070.611642 ,-2173.937473 ,2449.208163
6271.971324 ,-4952.607543 ,-422.566459
6389.624140 ,-5061.524400 ,-3070.333701
6027.101691 ,-3552.371898 ,-5035.162532
5366.576279 ,-183.790515 ,-5082.412707
4954.994156 ,2452.231104 ,-2813.996898
5249.148333 ,2964.675708 ,-1244.759773
5447.171333 ,2828.104048 ,-984.649525
5394.010067 ,2272.193834 ,-2677.985350
5771.637177 ,-1633.389562 ,-5386.184130
6183.756153 ,-5065.266916 ,-3853.707235
6052.592689 ,-5542.862106 ,-1735.783318
6280.252972 ,-4128.081204 ,831.899493
6554.747844 ,-1952.093110 ,1890.703162
6764.601900 ,73.710007 ,1594.448898
6663.379706 ,450.149175 ,1487.403115
6456.391080 ,153.295368 ,2069.868371
6225.939501 ,-1347.014784 ,2530.525293
6265.490739 ,-3464.704398 ,1550.125970
6193.672129 ,-5072.811909 ,-179.585708
6015.091589 ,-5528.973226 ,-3507.713710
5809.269227 ,-3938.635280 ,-5439.145629
5298.865198 ,-1095.017424 ,-5762.053697
4909.915358 ,2113.476617 ,-3837.394645
4683.222011 ,3720.955414 ,172.648906
4472.281104 ,3139.474157 ,2732.946437
4545.817815 ,2784.904326 ,3072.293103
4562.648774 ,3140.262104 ,2608.967218
4539.880323 ,3857.272317 ,1303.408086
4446.911291 ,3669.143116 ,-1591.255188
5346.343753 ,467.024924 ,-4937.825906
6670.723861 ,-2045.218920 ,-4633.758993
7087.461991 ,-2857.451401 ,-3818.446153
7122.447610 ,-2577.491802 ,-3688.704804
7176.801326 ,-2617.215101 ,-3237.002533
7192.329543 ,-3440.130979 ,-2211.424312
7061.816465 ,-4017.505020 ,-1220.848725
6787.006277 ,-4036.959437 ,-105.274025
6270.472374 ,-4171.900273 ,862.533879
6103.379093 ,-3880.253678 ,1372.638837
5719.929019 ,-3054.315673 ,2391.524669
4845.851082 ,-319.816841 ,4070.774315
4796.831861 ,845.714343 ,3926.048042
5888.003468 ,-2258.330652 ,2656.091590
6336.045020 ,-4995.033890 ,-464.382154
6317.595810 ,-5189.421250 ,-3588.509396
6203.493726 ,-2915.998908 ,-5403.371381
5826.680167 ,1111.778486 ,-4004.575038
5643.070990 ,2933.599030 ,-341.354003
5042.641571 ,2920.676174 ,2372.736236
3899.415639 ,2255.929328 ,4154.099187
4517.767430 ,1962.690137 ,3834.295951
5773.891655 ,1243.881622 ,2687.377817
6650.450544 ,1248.649206 ,636.717188
7032.131539 ,294.640700 ,-2333.547238
6622.943951 ,-896.599611 ,-4307.676774
6272.379848 ,-3116.361765 ,-5310.737659
5869.213586 ,-5363.408900 ,-4471.856017
5532.347660 ,-6139.890097 ,-1612.308935
5643.100720 ,-5306.633141 ,439.286709
5662.780337 ,-5275.961323 ,325.044690
5886.281826 ,-5842.022446 ,-3011.200196
5864.512296 ,-3300.518423 ,-5498.797068
5959.836378 ,-4.034903 ,-4768.067893
5524.127363 ,2777.250640 ,-1721.607154
5317.228905 ,3239.161748 ,501.903173
5560.864095 ,2517.331424 ,1751.638383
6069.272855 ,-87.187645 ,2694.619166
6284.105380 ,-1848.046614 ,2288.027216
6239.421352 ,-2369.947242 ,2185.775644
6115.982514 ,-1679.387553 ,2560.669168
6106.047032 ,950.954161 ,2313.253206
6294.499522 ,2035.293698 ,-82.101207
6310.123337 ,307.819344 ,-3832.065177
6288.812964 ,-3104.064191 ,-5081.492814
6414.315775 ,-4894.944241 ,-3961.029782
6158.928899 ,-5565.678908 ,-1991.080981
5533.257558 ,-5768.271795 ,-643.646640
5190.416452 ,-5906.878270 ,-388.823426
5237.516385 ,-6143.691688 ,-1267.676221
5608.613235 ,-5435.684898 ,-4446.746412
5624.310433 ,-2108.244126 ,-5761.188648
5271.912614 ,1880.767279 ,-3554.181619
5255.665083 ,3094.972955 ,-809.722946
5597.603591 ,2425.237587 ,1413.364408
5691.091472 ,807.347203 ,2789.420786
5906.230739 ,-1382.456884 ,2766.556191
5875.331285 ,-3849.198275 ,1587.617561
5642.128451 ,-5443.064588 ,-349.092997
5232.591274 ,-6106.418120 ,-2763.356540
4883.986383 ,-6095.651977 ,-3991.326433
5252.546465 ,-6081.564467 ,-2871.441250
5944.665675 ,-4614.141652 ,577.344251
6285.077878 ,-2334.628380 ,2019.879059
6275.318891 ,289.456177 ,2055.103512
5944.662372 ,2258.261491 ,637.992362
5233.500783 ,2898.446074 ,-1361.250720
5214.909122 ,2087.467881 ,-3064.685314
5850.582557 ,255.651574 ,-4324.689912
6378.315963 ,-1955.244896 ,-4604.452211
6598.026361 ,-2640.407835 ,-4406.384364
6665.670069 ,-1622.168098 ,-4191.874666
6514.200236 ,149.521258 ,-3162.633662
6280.231149 ,1582.906549 ,-1202.243170
5601.607748 ,2076.820212 ,1592.111349
4780.918824 ,1108.544651 ,3562.476102
4337.512515 ,-555.993631 ,4066.384450
4184.971843 ,-1885.356574 ,3894.686309
3777.582079 ,-2902.318227 ,3636.562782
3893.512366 ,-3926.988638 ,2794.016986
3948.544826 ,-5406.726718 ,1255.787711
3228.295545 ,-5987.529834 ,-961.913819
3335.104872 ,-5992.877539 ,-2754.538327
3367.680218 ,-5762.754222 ,-4172.040325
3082.104785 ,-4953.519558 ,-5491.231013
2918.069257 ,-3560.666719 ,-6328.815332
2748.057430 ,-3784.562064 ,-6318.374174
3161.183537 ,-5252.142923 ,-5080.019818
3037.262052 ,-6109.168644 ,-2806.206139
2653.317705 ,-5573.023263 ,-138.519227
2670.093534 ,-3516.346623 ,2141.367788
3053.755392 ,-939.420148 ,3136.786887
3734.809249 ,603.297277 ,2852.709819
4381.208479 ,1662.983171 ,1779.366137
4648.592769 ,2196.473651 ,948.406161
4816.328138 ,2365.450222 ,216.201970
4713.672354 ,2600.667534 ,8.675999
4680.422444 ,2514.600063 ,302.347724
4985.590600 ,1212.196816 ,1017.441489
5438.095042 ,-1153.629250 ,700.295050
5405.355019 ,-3074.157438 ,-296.288663
5438.968148 ,-3736.855042 ,-1492.923295
5658.605701 ,-3372.852765 ,-2916.944296
5624.092686 ,-2408.985477 ,-3898.720629
5558.884785 ,-1789.870853 ,-4202.283208
5530.758518 ,-710.960696 ,-4122.662132
5596.646102 ,-483.296255 ,-3976.658896
5449.164917 ,-1684.280462 ,-4245.943742
5532.529737 ,-2935.061491 ,-3875.988476
5635.230497 ,-3338.838218 ,-2851.274206
5869.681696 ,-2637.089192 ,-1324.393512
5942.203654 ,-1661.817213 ,-764.979303
5869.821077 ,-235.853186 ,-565.952332
5598.863741 ,972.586158 ,-1029.361399
5259.697011 ,1632.726914 ,-1759.547425
5345.123193 ,1197.853604 ,-2367.574465
5536.010670 ,507.479682 ,-2649.108298
5712.643604 ,202.055222 ,-2646.518858
5774.385952 ,37.146239 ,-2224.942645
6023.210799 ,-629.447102 ,-1940.532186
6090.076649 ,-1638.464995 ,-2173.140358
5997.362692 ,-2495.989250 ,-3174.988267
5457.208361 ,-2903.975060 ,-4384.645151
4562.131872 ,-2650.625890 ,-5637.151281
2926.286035 ,-2837.497964 ,-6758.542871
757.339850 ,-3848.339659 ,-6812.210053
-682.756110 ,-4933.278419 ,-5777.459863
-1768.964458 ,-5377.033619 ,-4253.950121
-2553.995046 ,-5190.193671 ,-2577.981713
-2853.297179 ,-4645.718690 ,-690.019841
-2684.760318 ,-3976.324173 ,971.671024
-2276.633858 ,-2715.777390 ,2608.067718
-2296.978707 ,-254.636717 ,3858.567770
-2828.538659 ,2398.964257 ,3908.102323
-3044.930798 ,3146.071920 ,3486.574843
-2771.682195 ,1707.185861 ,3881.922049
-2237.026194 ,-782.806997 ,3706.797556
-1283.046589 ,-4774.216223 ,1044.230668
-920.161749 ,-6145.600624 ,-1709.464561
-789.145863 ,-4335.697784 ,-6285.571894
-784.130933 ,-2244.875718 ,-6989.483928
-1097.626081 ,1230.121251 ,-6369.051550
-1869.225709 ,3906.378111 ,-3994.412079
-2828.121067 ,5467.599680 ,467.389468
-2965.282855 ,5298.923086 ,1208.795939
-2935.168116 ,5279.762458 ,-857.022605
-2375.252190 ,2169.788052 ,-5380.581827
-2055.625782 ,-1353.300124 ,-6460.333282
-1803.819614 ,-4197.957278 ,-5695.771233
-1927.695650 ,-5702.099654 ,-3212.807370
-2036.631436 ,-5417.976592 ,-508.199946
-2466.589369 ,-2940.272301 ,2625.512047
-3193.492918 ,45.619620 ,3620.724254
-3359.071166 ,798.796731 ,3684.479030
-3437.482518 ,-1056.384943 ,3103.246168
-3129.896815 ,-3651.361182 ,1320.043076
-2634.173581 ,-5279.924517 ,-2470.204567
-1819.648260 ,-2990.103450 ,-6331.927481
-1256.061410 ,78.788238 ,-6614.571248
-1260.459183 ,2828.232722 ,-5317.508139
-1860.811000 ,5049.996218 ,-2779.700568
-2453.877875 ,5705.411627 ,21.350645
-2836.246092 ,5513.324841 ,995.495973
-2846.856240 ,5521.464446 ,-52.513728
-2128.418627 ,3574.826413 ,-4402.761932
-2086.757886 ,747.133771 ,-6089.870506
-1820.916954 ,-2054.748163 ,-6537.276214
-1509.976442 ,-3893.986716 ,-6074.415976
-1348.762190 ,-5170.316562 ,-5095.032623
-1207.502436 ,-6057.615395 ,-3468.056805
-982.434357 ,-6063.742090 ,-1124.798706
-847.154411 ,-4713.608512 ,1481.863292
-1019.967073 ,-1534.118946 ,3950.138177
-1668.555629 ,-815.815997 ,4060.345547
-1864.003589 ,-2504.345119 ,3160.068869
-1684.451034 ,-5272.374819 ,14.161598
-1372.656284 ,-5466.360844 ,-4560.585055
-1327.576828 ,-1802.471654 ,-6879.677949
-1191.785070 ,1585.842669 ,-6178.900799
-1741.626326 ,4379.222107 ,-3654.508748
-2635.891333 ,5379.781032 ,-1003.470425
-2909.773447 ,5369.626575 ,-329.736848
-2586.041009 ,5308.548059 ,-1224.216816
-2043.463813 ,3801.944436 ,-4155.468830
-1438.243766 ,-475.886055 ,-6583.504690
-1226.212427 ,-4045.554694 ,-6063.557064
-1417.825023 ,-5893.436533 ,-2633.554197
-1608.373474 ,-5011.977345 ,339.365692
-1695.489858 ,-3660.620114 ,2164.644394
-1527.536133 ,-3047.353089 ,2782.108784
-1398.851318 ,-4496.312553 ,1297.337865
-1686.115462 ,-5683.310439 ,-3086.273402
-2490.504222 ,-2019.301888 ,-5970.022050
-3003.562492 ,1947.983731 ,-4873.415602
-3166.990395 ,3933.251603 ,-3039.917662
-3013.171821 ,5063.812947 ,-1040.442246
-2674.837861 ,5386.429879 ,11.005869
-2771.293490 ,5216.078218 ,1342.235595
-2340.467926 ,4682.867236 ,2753.014192
-2262.014069 ,4499.118968 ,3007.738324
-1798.899441 ,5444.584684 ,1927.465045
-1160.565348 ,5793.749713 ,-581.099052
-1137.099422 ,3629.841283 ,-4554.351591
-1026.638501 ,72.814820 ,-6431.171717
-1065.244658 ,-1961.631470 ,-6641.581176
-1664.944843 ,-2740.046372 ,-6277.238875
-2466.579719 ,-2996.377789 ,-5593.594761
-3039.793245 ,-3001.360734 ,-5039.838339
-2587.313644 ,-2464.217409 ,-5755.687607
-2302.554781 ,-564.752189 ,-6065.207794
-2327.427283 ,1065.792796 ,-5627.372401
-1615.625355 ,2924.506154 ,-4884.559723
-1329.832293 ,5204.329347 ,-2112.537542
-1061.392746 ,5741.023913 ,1215.477458
-480.134180 ,5479.239692 ,1866.365775
-161.627843 ,4893.168612 ,2863.585957
-796.403646 ,2571.378515 ,4338.143187
-1299.513598 ,1662.727263 ,4405.505925
-1395.146577 ,2108.344178 ,4335.111422
-1379.719134 ,3749.816401 ,3748.850645
-2034.741638 ,5300.643838 ,1550.428564
-2932.585578 ,4908.662139 ,-1548.011647
-3297.364002 ,3134.384684 ,-3628.186506
-3392.422847 ,907.952962 ,-4878.122745
-3001.637407 ,-469.449671 ,-5499.979921
-2823.991220 ,-698.454484 ,-5724.088287
-3223.244956 ,2179.278568 ,-4498.771453
-3210.020109 ,5032.870906 ,-521.589603
-2419.670373 ,4737.343564 ,2579.139899
-1782.597615 ,2332.788053 ,4212.987407
-826.111109 ,-982.794035 ,4026.876042
211.569183 ,-4066.036786 ,2170.735903
1106.729886 ,-6141.918056 ,-878.722394
1496.898416 ,-6419.446121 ,-2534.748995
1565.923060 ,-6466.585691 ,-2525.925698
1111.103548 ,-4243.011954 ,2115.932043
-436.972702 ,2319.487295 ,4362.109117
-1298.678287 ,5722.925598 ,757.542396
-1594.128654 ,4946.423512 ,-2664.661144
-1859.277814 ,3780.599163 ,-4181.365975
-1841.446871 ,1780.023486 ,-5554.478504
-1981.865701 ,-913.036520 ,-6326.227202
-2121.298629 ,-1389.062723 ,-6246.652170
-2013.348865 ,820.621101 ,-5943.162497
-1838.956928 ,5102.572895 ,-2045.919541
-1638.905159 ,4118.390538 ,3500.173778
-1225.399388 ,472.309259 ,4329.377660
-526.470588 ,-3246.040280 ,2892.680226
181.758919 ,-5989.664644 ,-543.636407
536.900492 ,-6291.977281 ,-3756.424702
95.824420 ,-5401.542123 ,-5638.495545
166.406195 ,-5741.829711 ,-5164.761974
157.544947 ,-5901.259282 ,-395.754052
96.493186 ,-461.944755 ,4189.520591
-374.765847 ,4093.150801 ,3638.803688
-599.349909 ,5882.677680 ,973.420355
-674.504773 ,5485.385899 ,-2143.239946
-1186.650392 ,1904.134887 ,-5868.449948
-2043.879615 ,-249.531566 ,-6260.098337
-2372.081920 ,402.103427 ,-5952.492515
-1542.272638 ,4200.142957 ,-3950.201084
-575.371363 ,5599.846403 ,1911.950652
-149.187542 ,1881.700151 ,4509.304806
-80.149459 ,-2171.453307 ,3606.433308
-258.274861 ,-5219.546138 ,648.428390
-523.702508 ,-6199.129158 ,-2384.355877
-1084.394899 ,-5757.429224 ,-4257.895196
-481.115168 ,-5863.694685 ,-4113.204407
-89.399752 ,-6299.445430 ,-2497.673572
-515.263751 ,-5176.794156 ,966.700180
-1003.422611 ,-850.576907 ,4409.390964
-1243.268537 ,3079.863965 ,4389.770190
-1258.866058 ,4962.110705 ,2882.844157
-1002.211349 ,5730.869150 ,-38.055140
-936.339543 ,4538.947404 ,-3078.964124
-1203.047578 ,3375.137979 ,-4357.276919
-1207.001303 ,4156.225882 ,-3501.478693
-1169.496133 ,5625.509089 ,-65.584214
-1274.775310 ,4224.136872 ,3825.794537
-1122.695594 ,-16.328173 ,4675.797706
-438.862364 ,-4264.080572 ,2146.858259
4.274653 ,-6279.893958 ,-1684.585236
-486.123398 ,-5622.797835 ,-4569.644989
-1452.376300 ,-3769.231404 ,-5794.148158
-1773.876238 ,-3053.696697 ,-5860.396393
-1166.344254 ,-4528.539594 ,-5394.443648
-818.997995 ,-5814.114526 ,-3599.642425
-1062.096602 ,-5478.680955 ,-497.665172
-1485.485981 ,-2562.408854 ,3139.256087
-1541.151301 ,2891.276841 ,4329.191461
-1061.943179 ,5603.259089 ,1583.985100
-821.762679 ,5400.483360 ,-1686.520702
-657.998648 ,3815.021893 ,-4238.624375
-656.280755 ,2688.541232 ,-5310.358180
-593.861218 ,3209.381502 ,-4908.020369
-318.174656 ,5076.426881 ,-2593.588954
-37.097065 ,5827.862910 ,1306.018777
-413.165328 ,2761.207986 ,4820.268427
-519.920689 ,-996.056623 ,4534.966479
-621.206657 ,-4484.591612 ,1759.006626
-1023.175807 ,-5829.582134 ,-1217.166450
-1149.096598 ,-5359.791843 ,-4362.843942
-1285.187251 ,-4536.844968 ,-5093.960070
-881.778391 ,-5104.653199 ,-4793.303110
-782.441106 ,-5943.784026 ,-3369.676470
-1022.690642 ,-5673.534729 ,-852.380466
-1304.216011 ,-1782.469735 ,4001.687420
-1032.818998 ,2996.873075 ,4666.646871
-1007.716195 ,4821.851146 ,3230.276274
-454.098558 ,5734.740953 ,1562.322145
-467.270455 ,5786.071234 ,290.386203
-1213.197687 ,5630.731548 ,713.275929
-1446.290143 ,5461.411576 ,119.922186
-1533.390959 ,5454.872366 ,77.949868
-964.544330 ,4184.068934 ,-3425.622061
-26.584496 ,-124.527774 ,-6681.110503
879.858894 ,-4166.359036 ,-6629.906435
1330.505722 ,-5707.624004 ,-5606.884008
1615.576841 ,-6111.756954 ,-4993.343657
1025.632921 ,-3616.802609 ,-6902.052752
100.163165 ,3153.879778 ,-4754.324688
-294.937520 ,5713.088837 ,380.286033
-392.455605 ,4397.059265 ,4004.286072
-363.032302 ,1014.259914 ,5167.500175
-438.136578 ,-2912.103811 ,3655.834612
-556.815102 ,-4968.656341 ,1355.081193
-735.005515 ,-5912.559324 ,-936.464686
-739.361522 ,-6004.998306 ,-3013.923185
-1028.436258 ,-5498.338498 ,-4346.183760
-905.399540 ,-5256.409614 ,-4829.718118
-439.494545 ,-5995.035475 ,-3921.688253
-463.077335 ,-5724.410131 ,136.641412
-1015.104011 ,-3620.592974 ,2815.249456
-1371.126761 ,-954.438636 ,4385.932281
-1395.199604 ,1632.264848 ,4889.206891
-1020.855369 ,3636.489097 ,4331.970745
-839.513983 ,4461.276327 ,3794.387216
-886.003981 ,4994.645106 ,3120.235757
-626.203851 ,5715.149962 ,1467.886523
-284.473177 ,5600.492912 ,-712.157555
352.060742 ,4147.973248 ,-3743.971976
1090.503883 ,1242.283558 ,-6240.265733
1464.047270 ,-2091.537289 ,-7166.052318
1111.094954 ,-4539.051427 ,-6463.279817
520.866190 ,-5753.161744 ,-5208.627302
-274.661513 ,-5401.313420 ,-5061.891655
-832.403630 ,-3753.850653 ,-6212.734591
-571.536018 ,-2156.635917 ,-6827.704715
-367.301960 ,1211.862293 ,-6091.641271
-477.754751 ,5230.125055 ,-1773.858890
-584.789278 ,5432.109246 ,2441.515037
-441.244557 ,2805.617669 ,5007.504366
196.816508 ,-2260.314858 ,4371.480598
131.590427 ,-6047.986961 ,-177.081473
-436.426400 ,-5746.588719 ,-4457.126689
-434.909682 ,-5032.335475 ,-5353.295021
-278.204989 ,-5248.250689 ,-5340.535389
-257.896280 ,-6286.569131 ,-2944.031728
-479.936175 ,-4839.132749 ,1716.432021
-990.155971 ,-1586.853967 ,4312.995083
-1289.262669 ,982.791840 ,4843.793212
-1869.879728 ,4251.828874 ,3429.610367
-2209.067855 ,5096.330171 ,402.203025
-2337.941879 ,3532.015544 ,-3221.341891
-2137.638065 ,1677.865639 ,-4994.101122
-1432.332360 ,31.110057 ,-6117.367814
-502.292442 ,-627.210076 ,-6683.195949
-172.489793 ,1055.264448 ,-6262.799881
33.681835 ,3569.576637 ,-4499.263837
-124.481824 ,5415.705951 ,-1310.013859
-11.737285 ,4837.847911 ,3614.862902
71.663116 ,3518.521220 ,4741.813890
597.590256 ,2170.842336 ,5157.572510
1325.075192 ,687.583503 ,5291.837396
1837.151374 ,-1080.255245 ,4764.408955
1795.305225 ,-2081.569961 ,4433.699400
1994.465809 ,-4008.281399 ,3076.355289
1856.160634 ,-3948.125308 ,3114.855309
1002.739966 ,-1445.243795 ,4734.319447
-287.337255 ,2701.451069 ,5017.913001
-936.013851 ,5309.106550 ,2531.519074
-1061.552063 ,5361.239171 ,-650.513479
-365.722626 ,3545.096130 ,-4193.979717
789.889182 ,97.782316 ,-6617.223639
1752.951029 ,-3292.425504 ,-6975.638541
1812.109011 ,-5153.972459 ,-6153.642258
768.871141 ,-5934.841477 ,-4851.080618
-494.662843 ,-5528.758426 ,-4540.576089
-1733.371534 ,-2727.888441 ,-5710.111597
-2706.704031 ,1732.483747 ,-4333.903378
-2749.378731 ,4050.944965 ,-1900.159104
-2594.265865 ,4485.284649 ,2416.728013
-1615.984050 ,2855.724220 ,4636.194592
-721.770562 ,1109.693917 ,5131.640869
-502.232798 ,-124.351197 ,5061.956420
-314.615453 ,869.254948 ,5179.929287
-1414.015186 ,4708.975899 ,3277.844626
-2078.352725 ,4186.756819 ,-2365.877407
-1267.482943 ,-270.286150 ,-5948.608384
-426.854792 ,-4140.220325 ,-5936.349892
63.980249 ,-6416.047952 ,-2827.888697
-161.642666 ,-6162.910782 ,-1155.175179
-608.154639 ,-6084.491859 ,-1768.505185
-1497.940194 ,-5020.648570 ,-4553.554482
-1634.706576 ,-1484.050781 ,-6074.806983
-1676.650060 ,2029.333440 ,-4882.173490
-2315.720367 ,4599.817946 ,-1508.998269
-2288.605960 ,5039.541278 ,600.309202
-2048.059754 ,4988.016114 ,-928.195553
-1681.428094 ,1600.627789 ,-5155.743806
-1217.133179 ,-1953.214514 ,-6276.992725
-1384.013375 ,-4790.411741 ,-4759.431923
-1484.473859 ,-5627.370735 ,-2186.251090
-1895.999387 ,-5175.614257 ,-574.367152
-2323.522786 ,-4510.683060 ,297.595596
-2777.125846 ,-3753.309539 ,782.491554
-3266.089237 ,-2726.528495 ,1382.498344
-3338.915874 ,-2992.741521 ,853.115819
-2588.841257 ,-4602.743350 ,-1228.502829
-1599.929909 ,-4465.945212 ,-4896.401385
-1620.866708 ,-440.315985 ,-5943.007888
-2564.806347 ,3037.134057 ,-3375.287057
-2901.167797 ,4650.848599 ,453.813681
-2717.409169 ,3944.156689 ,2888.474171
-2814.988286 ,3514.827154 ,3281.765772
-3210.336839 ,1877.592621 ,3564.627728
-3516.330604 ,2715.596337 ,2775.898592
-3448.611296 ,4007.736615 ,461.883708
-2736.862260 ,2057.324667 ,-4018.243558
-1962.354297 ,-1464.807539 ,-5728.289071
-2075.428133 ,-3564.959210 ,-4982.939653
-2766.357850 ,-4007.474938 ,-3497.819748
-3104.272661 ,-3850.143974 ,-2013.372602
-3444.708091 ,-3438.186285 ,-709.743781
-3382.915818 ,-3274.821956 ,-232.033645
-3201.457328 ,-3675.131102 ,-2395.207336
-2862.432043 ,-1017.494713 ,-4867.607027
-2947.282573 ,2465.879414 ,-3414.691694
-3116.843894 ,4152.045557 ,-625.684648
-2842.096377 ,3992.451436 ,2528.569475
-2711.216330 ,2588.145681 ,3738.895605
-2821.806861 ,796.805389 ,3813.337140
-2889.776910 ,-665.565428 ,3341.133277
-2901.768103 ,331.318136 ,3627.580679
-2680.945985 ,3794.098703 ,2901.117280
-2610.469639 ,4661.434393 ,-166.940436
-2547.548413 ,2080.883477 ,-4125.551390
-2545.493822 ,-1201.976671 ,-5155.873997
-2292.030369 ,-3296.927039 ,-4760.005639
-2170.586073 ,-4674.073005 ,-2932.990647
-2373.100561 ,-4526.365929 ,-1018.825136
-2711.110290 ,-3207.550102 ,1474.824527
-2724.515328 ,-1789.762661 ,2871.901755
-2825.529732 ,-416.204757 ,3522.355566
-3046.277188 ,-715.889876 ,3261.670293
-2926.857385 ,-3676.399681 ,321.205316
-2243.054929 ,-2028.607372 ,-5373.224372
-2206.405611 ,1140.911488 ,-4883.306145
-2251.134458 ,2981.727689 ,-3578.636894
-2439.304363 ,4591.040732 ,-980.299193
-2869.412397 ,4541.820387 ,1404.569624
-3257.359223 ,3562.325332 ,2578.021136
-3460.028752 ,2831.168177 ,2848.196113
-3323.462877 ,3878.226065 ,2103.283601
-2831.341983 ,4366.604160 ,-824.992575
-2252.481711 ,2648.696587 ,-3854.053120
-1620.974844 ,55.493966 ,-5647.806049
-1152.818599 ,-3335.321892 ,-5750.484106
-1442.680170 ,-5319.542508 ,-3119.686634
-1921.225358 ,-4791.821791 ,-97.525160
-2405.707890 ,-3493.312682 ,1652.270488
-2799.311851 ,-1878.416002 ,2807.527255
-3365.504338 ,-615.006462 ,2940.567776
-3874.010299 ,37.175817 ,2582.611313
-3949.910666 ,-0.294258 ,2539.184760
-3642.870828 ,-1136.280535 ,2304.438248
-3713.938796 ,-2908.215099 ,-275.832847
-3244.543954 ,-1304.098721 ,-4282.866658
-2638.311990 ,1376.486470 ,-4412.366709
-2340.335411 ,2614.081344 ,-3839.649975
-2358.588592 ,3783.646646 ,-2629.523538
-2957.321857 ,4336.150936 ,-1137.930387
-2868.563955 ,4763.982370 ,33.697379
-2790.563520 ,4920.521993 ,1068.723875
-3150.160514 ,4743.092336 ,1561.001453
-3071.214347 ,4025.776432 ,2265.848596
-2925.361241 ,4811.617815 ,1700.026907
-2220.435187 ,5565.731604 ,-1214.412359
-1985.251786 ,2892.351369 ,-5030.303611
-2174.435255 ,609.957389 ,-6091.820111
-1779.738784 ,-2139.313039 ,-6528.856204
-2184.650144 ,-4295.353055 ,-5011.407205
-2635.645118 ,-4863.596968 ,-2512.859242
-3014.830643 ,-3385.378047 ,1181.641807
-3475.974879 ,-549.587003 ,3022.936922
-4373.245157 ,885.502894 ,2444.032742
-4938.542990 ,1603.410726 ,1761.510937
-4764.997184 ,939.894188 ,1996.254770
-4493.452039 ,-1219.464652 ,1287.107990
-4245.366946 ,-2997.137097 ,-1795.651112
-3275.182737 ,-840.636688 ,-5472.211892
-2597.853048 ,1399.261239 ,-5549.452915
-2190.599097 ,3510.542298 ,-4498.547419
-2296.482587 ,4867.669107 ,-2797.319903
-2755.900566 ,5454.033175 ,-604.483668
-3093.664195 ,5132.214382 ,1124.320564
-3250.268474 ,4409.659729 ,1945.005177
-3280.032144 ,3853.168961 ,2355.814296
-2897.802841 ,4418.741690 ,2223.014091
-2367.635206 ,5795.078225 ,578.490275
-1671.856008 ,5196.063359 ,-2993.543152
-1414.356354 ,2896.167882 ,-5624.798590
-1655.796119 ,-630.636559 ,-6808.619738
-1920.370348 ,-3636.516522 ,-5869.713574
-2519.654173 ,-4851.721744 ,-2966.024516
-3246.937205 ,-3833.401226 ,-287.978137
-3870.973578 ,-1377.157741 ,1736.437418
-4475.141378 ,-587.087545 ,1510.056731
-4320.058440 ,-1252.596505 ,1242.037520
-4273.956525 ,-1221.922387 ,1190.638536
-4238.699195 ,-975.039934 ,1590.606851
-4188.670086 ,-249.374547 ,2133.064527
-4111.865050 ,2013.420617 ,2698.098420
-3954.657444 ,4030.540872 ,1942.013507
-4093.546012 ,4259.513722 ,1568.538562
-3994.171934 ,2937.062309 ,2784.048415
-3240.286821 ,-1900.893379 ,2277.112802
-2322.348108 ,-5057.709374 ,-1650.768272
-2273.403839 ,-4114.804828 ,-5206.020310
-2475.921079 ,-1360.962739 ,-6240.417243
-2572.424372 ,1253.863178 ,-5784.748002
-2843.371341 ,4085.982173 ,-3892.475405
-3216.283834 ,4951.903011 ,-2257.104312
-3608.765173 ,4965.906801 ,-1606.667795
-4077.555161 ,4277.230786 ,-2208.007892
-4334.346505 ,1653.647423 ,-4238.754424
-4199.885665 ,-244.975594 ,-4720.183778
-3950.024700 ,-1649.858140 ,-4803.237843
-3743.927680 ,-3018.143974 ,-4029.876535
-3925.506237 ,-3552.020924 ,-2281.789204
-4362.466273 ,-2058.476071 ,469.707860
-4640.727043 ,109.737829 ,1756.585778
-4838.813379 ,1826.567397 ,1670.525202
-4951.320539 ,2376.704425 ,1164.768354
-4955.079080 ,1359.417196 ,1348.289117
-4545.498287 ,-1819.582761 ,254.750990
-3873.793088 ,-3621.455419 ,-2371.293703
-3666.743211 ,-1903.952332 ,-5099.220050
-3869.301782 ,1659.535881 ,-4695.920684
-3939.085728 ,3947.451890 ,-2886.706206
-3758.543976 ,4777.806164 ,-1663.162348
-3807.582443 ,5078.539764 ,-380.634972
-3791.932515 ,5034.907504 ,404.756742
-3861.791097 ,4974.051576 ,503.017432
-3908.698544 ,4882.867751 ,-1093.914275
-4090.512831 ,3251.269069 ,-3540.755179
-3587.288844 ,1077.862595 ,-5283.694279
-3348.816527 ,-623.758847 ,-5729.751875
-2588.044937 ,-3891.992515 ,-5204.444037
-2637.589320 ,-4953.037382 ,-2029.205932
-3008.626064 ,-3029.296662 ,1439.870762
-3689.255334 ,178.512109 ,2940.843189
-4884.712437 ,2694.062868 ,3042.952129
-5252.765146 ,3355.180324 ,2636.112266
-4121.403609 ,2487.586744 ,3150.845695
-3019.560939 ,-589.465760 ,3265.239117
-2307.347991 ,-3509.073088 ,1591.156311
-1677.150083 ,-5607.153652 ,-2395.837242
-1607.549736 ,-3491.438742 ,-6362.870095
-1850.368395 ,482.779081 ,-6517.191007
-1953.902951 ,3730.259900 ,-4730.477679
-2315.514323 ,5139.659827 ,-2891.617399
-1940.763618 ,5556.840782 ,-2449.640706
-1774.456549 ,4934.095699 ,-3646.669842
-1592.582003 ,475.965215 ,-6835.499790
-1259.586544 ,-3518.997017 ,-6549.800213
-1198.961561 ,-5664.616958 ,-4155.316358
-1564.067567 ,-5223.365867 ,-321.892610
-2099.093079 ,-3299.097607 ,2084.819157
-3365.281702 ,-651.053766 ,2830.988731
-3932.680709 ,420.453062 ,2674.456817
-3891.264846 ,1120.286148 ,2814.924481
-4047.513313 ,2301.164402 ,2661.508978
-3666.360830 ,1527.311327 ,3137.858728
-2736.382940 ,-1965.678659 ,2604.901486
-1623.378395 ,-5436.501776 ,-1100.864009
-322.969916 ,-5957.394021 ,-4574.010251
1050.118866 ,-3768.973009 ,-7090.410658
1631.181912 ,1235.172810 ,-6439.161586
1649.610071 ,3932.865463 ,-4367.420656
1748.111894 ,4955.286416 ,-2684.654798
1698.131289 ,5420.538612 ,-1908.530442
1291.161905 ,5458.402688 ,-1912.979033
553.485386 ,5169.975522 ,-2771.758131
-230.029360 ,4211.012568 ,-4056.518809
-789.673270 ,1943.943538 ,-5825.266811
-1267.856146 ,-2078.979021 ,-6498.909421
-1629.929953 ,-4619.962156 ,-4726.271033
-1564.941931 ,-5488.942107 ,-1639.774055
-1520.427812 ,-4665.708398 ,966.629927
-1590.015650 ,-1704.858945 ,3854.507394
-2234.199434 ,99.968915 ,4206.631743
-2613.383049 ,1614.781038 ,4113.031982
-2551.117331 ,1211.753139 ,4230.612764
-2234.332125 ,-2105.070447 ,3103.415665
-1437.583459 ,-5063.768037 ,268.241182
34.236303 ,-6207.341906 ,-3590.451720
1288.892758 ,-3628.465949 ,-6991.360392
1915.790988 ,790.765111 ,-6680.716985
1877.171673 ,2926.086556 ,-5346.782793
1245.393509 ,2733.918067 ,-5583.851722
-66.498302 ,456.076585 ,-6710.360188
-1101.865461 ,-3694.830536 ,-6048.931272
-1685.442583 ,-5294.248860 ,-2932.460155
-2176.205443 ,-4703.098546 ,-270.807695
-2727.209257 ,-1536.362614 ,3088.587605
-3129.978726 ,1128.590435 ,3605.745408
-3592.748715 ,2079.582256 ,3029.991798
-3798.596610 ,2664.800436 ,2455.898330
-3824.246463 ,3158.325160 ,2005.191923
-3581.934146 ,2979.370477 ,2612.758581
-3387.316986 ,1445.616208 ,3508.096586
-2840.850617 ,-1953.105023 ,2555.250791
-2091.115205 ,-5024.848970 ,-1740.009891
-1881.777604 ,-4712.754867 ,-5118.823584
-1500.691837 ,-1490.803829 ,-7047.805514
-1319.750227 ,1865.765413 ,-6364.913519
-1327.024172 ,4479.283535 ,-4903.069443
-1647.317953 ,6117.428169 ,-3197.680808
-1484.469929 ,5641.526944 ,-3882.314333
-1536.936400 ,2742.575837 ,-6314.234573
-1662.025794 ,-363.726796 ,-7098.463551
-1656.823180 ,-2893.518791 ,-6725.037486
-1359.189493 ,-5387.214385 ,-4602.840088
-1653.808345 ,-5651.796538 ,-2238.899772
-2506.985402 ,-4192.666517 ,477.879122
-3099.910893 ,-1836.924683 ,2440.404842
-3661.476886 ,307.319921 ,2982.686161
-3931.785654 ,1843.979134 ,2828.949724
-4198.070556 ,3205.463228 ,2178.367498
-4332.439704 ,3533.089143 ,1605.619042
-4296.658355 ,3159.784803 ,2014.349355
-4015.998839 ,1386.367942 ,2834.735202
-3645.384986 ,-1790.897159 ,1990.998190
-3238.907568 ,-4152.237601 ,-583.589338
-2218.348890 ,-5124.444209 ,-3781.839980
-1299.348603 ,-4430.160594 ,-5892.474191
-1232.702407 ,-2623.781557 ,-6994.478247
-1504.611507 ,239.301774 ,-6706.542195
-2139.076643 ,2573.451759 ,-5676.108364
-2350.393098 ,3593.829182 ,-4464.901150
-2542.434341 ,3813.042079 ,-3918.299907
-2871.539003 ,3255.690969 ,-4389.634428
-3352.259544 ,1318.681608 ,-5244.703736
-3445.328288 ,338.384566 ,-5533.497009
-3478.431053 ,-350.581006 ,-5652.194085
-3531.747064 ,-2222.370884 ,-5153.061026
-3827.918710 ,-3227.501589 ,-3847.180981
-4768.107427 ,-2565.066163 ,-2311.230916
-5310.324673 ,-1450.382952 ,-2553.713763
-4965.614393 ,-1898.343876 ,-3122.276901
-4672.244853 ,-2492.894295 ,-2984.597263
-4712.416601 ,-2614.668772 ,-2770.952603
-4693.509819 ,-2541.443881 ,-2580.420567
-5023.892290 ,-1909.042969 ,-1844.023526
-5143.309834 ,-1223.883732 ,-1115.231810
-5059.558487 ,-1079.087388 ,-892.453994
-5116.729491 ,-633.875893 ,-811.222202
-5296.373997 ,889.443297 ,-790.013821
-5299.610437 ,1369.269314 ,-550.060754
-5301.038827 ,898.795892 ,-83.641024
-4844.370269 ,-80.091993 ,1338.656150
-3823.756892 ,-2108.174938 ,1335.861274
-3776.725085 ,-3272.668870 ,-15.188631
-4576.655655 ,-2649.368114 ,-1394.143655
-4920.191184 ,-1748.482977 ,-1822.664321
-5101.306604 ,-1365.442365 ,-1376.418378
-5295.816364 ,551.332691 ,54.326046
-5188.376624 ,2022.734113 ,-194.352831
-5265.985159 ,1873.583902 ,-171.569777
-5302.907017 ,1702.972444 ,-519.109760
-5289.166550 ,1592.490885 ,-669.973358
-5233.465078 ,1814.681274 ,-967.240638
-5074.787629 ,2386.096581 ,-1273.443944
-5136.779449 ,2151.812497 ,-1175.166511
-5217.220661 ,1589.168228 ,-1759.315809
-5237.342035 ,679.031118 ,-2111.741270
-5224.938617 ,43.811785 ,-2166.331308
-5146.927086 ,-598.552772 ,-1700.911488
-5111.692071 ,-938.092362 ,-1361.055821
-5129.072996 ,-948.602802 ,-1176.100941
-5182.719284 ,-631.385014 ,-1074.000454
-5199.878218 ,-489.945858 ,-1011.128662
-5165.483242 ,-768.315678 ,-1073.007696
-4786.689635 ,-1718.565406 ,-2522.958381
-4484.401726 ,-1164.604342 ,-3921.348742
-4851.076848 ,634.423448 ,-3266.347810
-4960.202171 ,1150.829135 ,-2898.045125
-4915.968011 ,896.055516 ,-3057.528279
-4783.237872 ,1057.865804 ,-3291.910531
-4911.669803 ,1120.095529 ,-2986.084993
-4941.241306 ,1752.896411 ,-2501.621601
-4732.500057 ,1878.917477 ,-3092.697774
-4820.157494 ,2040.326832 ,-2884.107093
-5019.353247 ,-141.731926 ,-3186.184659
-4839.645889 ,-835.042118 ,-3691.709674
-4955.959260 ,-273.580540 ,-3212.008901
-5174.202967 ,332.785029 ,-2633.101532
-5063.053401 ,1292.585287 ,-2666.712430
-4941.134497 ,2186.809834 ,-2444.324398
-4976.156568 ,2592.335030 ,-1986.784264
-4935.670008 ,2920.803031 ,-1103.756565
-4813.211691 ,3256.095478 ,-834.776987
-4416.511234 ,3433.103208 ,-2882.774623
-3295.644698 ,1708.730952 ,-5181.880546
-1923.072542 ,-1241.107142 ,-6562.665855
-593.015337 ,-3903.893086 ,-6442.460884
219.456736 ,-5074.991357 ,-5811.999351
431.761249 ,-5472.407953 ,-5530.946149
1731.716889 ,-5325.133854 ,-5714.887557
3153.879029 ,-5112.600608 ,-5594.737399
3631.632461 ,-4929.832002 ,-5463.805748
3326.529140 ,-4691.423937 ,-5802.197606
2154.508095 ,-4514.646646 ,-6581.975359
1956.463628 ,-3872.095450 ,-6964.457490
1272.961329 ,-3313.360892 ,-7370.932560
406.300263 ,-2684.760984 ,-7479.714117
891.630733 ,-2553.306668 ,-7612.039743
1186.682679 ,-2429.001510 ,-7687.415971
1354.930355 ,-2262.340114 ,-7690.892031
